1 793
2 1298
3 1938
4 2302
5 2934
6 2144
7 1724
8 1612
9 1715
10 1648
11 1895
12 1593
13 1510
14 1621
15 1437
16 1654
17 1504
18 1614
19 1719
20 1625
21 1259
22 1763
23 1694
24 1705
25 1859
26 1827
27 1480
28 999
29 1051
30 849
31 591
32 884
33 785
34 798
35 409
36 654
37 595
38 437
39 618
40 801
41 824
42 601
43 617
44 630
45 402
46 225
1 827
2 1079
3 1975
4 2687
5 2894
6 2068
7 1619
8 1468
9 1632
10 1517
11 1700
12 1870
13 1720
14 1479
15 1724
16 1937
17 2109
18 2087
19 1797
20 1662
21 1520
22 1687
23 1540
24 1647
25 1683
26 1508
27 1288
28 858
29 1023
30 847
31 1064
32 799
33 1032
34 1076
35 879
36 594
37 648
38 600
39 600
40 612
41 851
42 843
43 887
44 667
45 600
46 411
47 207
48 206
1 890
2 1126
3 1843
4 2607
5 2818
6 2387
7 1829
8 1880
9 1883
10 1712
11 1296
12 1505
13 1633
14 1790
15 1636
16 1642
17 1825
18 1630
19 1684
20 1853
21 1620
22 1622
23 1450
24 1311
25 1121
26 1285
27 1257
28 1266
29 1207
30 1057
31 1103
32 1278
33 918
34 750
35 698
36 579
37 557
38 576
39 572
40 554
41 347
42 578
43 716
44 360
45 387
1 741
2 1310
3 1802
4 2587
5 2959
6 1945
7 2289
8 1838
9 1895
10 1784
11 1324
12 1323
13 1627
14 1680
15 1872
16 2005
17 1614
18 1284
19 1575
20 1870
21 1494
22 1317
23 1127
24 1249
25 1083
26 1135
27 899
28 768
29 899
30 1189
31 921
32 739
33 744
34 1091
35 741
36 521
37 523
38 568
39 1257
40 754
41 382
42 384
43 541
44 569
45 532
46 946
47 733
48 1119
49 741
50 693
51 573
52 566
53 340
54 382
55 523
56 373
57 555
58 573
59 377
60 382
61 190
62 349
63 571
64 567
65 580
66 560
67 386
68 534
69 373
70 560
71 383
72 377
73 389
74 194
1 876
2 1017
3 2005
4 2637
5 2962
6 2231
7 1668
8 1838
9 1687
10 1902
11 1851
12 1684
13 1524
14 1610
15 1489
16 2094
17 1722
18 1517
19 1518
20 1555
21 1654
22 1455
23 1332
24 1076
25 943
26 535
27 582
28 935
29 1091
30 695
31 1325
32 1136
33 1141
34 1311
35 1327
36 944
37 918
38 751
39 712
40 756
41 552
42 578
43 341
44 584
45 384
46 562
47 186
48 344
1 559
2 966
3 1159
4 1705
5 2229
6 1462
7 1128
8 1125
9 940
10 931
11 944
12 1091
13 1118
14 1100
15 1242
16 1058
17 1095
18 1248
19 1278
20 1099
21 1131
22 1196
23 1163
24 1099
25 1100
26 973
27 1120
28 1326
29 1319
30 1324
31 1154
32 897
33 919
34 908
35 727
36 771
37 964
38 770
39 700
40 719
41 945
42 936
43 749
44 762
45 743
46 693
47 709
48 712
49 912
50 757
51 572
52 558
53 387
54 522
55 543
56 193
57 769
58 360
59 571
60 528
61 567
62 335
63 376
64 370
65 189
1 546
2 977
3 1377
4 1993
5 2182
6 1256
7 1123
8 1247
9 1124
10 1123
11 932
12 1072
13 1268
14 1344
15 1328
16 1121
17 1271
18 1156
19 1149
20 910
21 1239
22 1155
23 945
24 991
25 1163
26 1163
27 1312
28 1334
29 1139
30 1114
31 1122
32 1126
33 715
34 1090
35 1143
36 1117
37 995
38 732
39 728
40 562
41 574
42 579
43 565
44 384
45 578
46 389
47 571
48 377
49 577
50 714
51 557
52 384
53 193
54 330
1 558
2 961
3 1366
4 1808
5 2359
6 1284
7 1285
8 1123
9 954
10 935
11 982
12 963
13 1091
14 1092
15 1471
16 1290
17 1133
18 1319
19 1110
20 1091
21 1209
22 1426
23 1144
24 1127
25 959
26 1156
27 1355
28 1461
29 1338
30 1154
31 773
32 765
33 576
34 571
35 554
36 562
37 374
38 756
39 931
40 1082
41 1073
42 737
43 536
44 560
45 393
46 694
47 745
48 566
49 765
50 719
51 581
52 392
53 583
54 901
55 393
56 201
57 361
58 397
59 389
60 398
61 150
62 154
1 657
2 661
3 1478
4 1785
5 2086
6 1449
7 1134
8 1293
9 1126
10 1464
11 1257
12 1131
13 1135
14 1137
15 994
16 1156
17 989
18 1107
19 1259
20 1129
21 1143
22 1139
23 1172
24 1317
25 1470
26 1485
27 1318
28 1120
29 971
30 834
31 948
32 830
33 810
34 825
35 685
36 833
37 646
38 647
39 484
40 489
41 492
42 491
43 482
44 480
45 468
46 472
47 483
48 499
49 825
50 644
51 659
52 481
53 476
54 492
55 332
56 332
57 499
58 335
59 165
60 331
61 170
62 490
63 340
64 334
65 487
66 166
67 329
68 330
69 326
70 173
71 163
72 158
1 641
2 628
3 1424
4 1715
5 2139
6 1446
7 974
8 1160
9 1144
10 1141
11 1323
12 1327
13 979
14 1133
15 1319
16 1310
17 1294
18 1489
19 1320
20 811
21 1003
22 1161
23 1000
24 1435
25 1268
26 1283
27 1125
28 781
29 950
30 948
31 945
32 1112
33 1091
34 980
35 1131
36 977
37 971
38 982
39 814
40 645
41 668
42 657
43 665
44 819
45 638
46 484
47 636
48 629
49 467
50 662
51 317
52 630
53 476
54 476
55 319
56 158
1 640
2 826
3 1338
4 1877
5 2042
6 1448
7 1273
8 1160
9 1139
10 984
11 1006
12 967
13 1101
14 1624
15 1455
16 1271
17 1117
18 1262
19 1280
20 1427
21 1291
22 1142
23 1164
24 1003
25 1109
26 946
27 974
28 832
29 825
30 660
31 502
32 500
33 501
34 501
35 830
36 627
37 640
38 485
39 813
40 797
41 790
42 652
43 650
44 485
45 676
46 669
47 665
48 666
49 492
50 502
51 340
52 515
53 340
54 173
55 168
1 496
2 693
3 1012
4 1470
5 1764
6 1296
7 653
8 815
9 800
10 810
11 809
12 822
13 867
14 852
15 1001
16 842
17 843
18 991
19 973
20 798
21 959
22 810
23 976
24 809
25 811
26 798
27 978
28 813
29 825
30 1142
31 1317
32 832
33 994
34 813
35 961
36 818
37 804
38 823
39 498
40 481
41 487
42 489
43 501
44 333
45 325
46 328
47 320
48 493
49 320
50 326
51 486
52 491
53 332
54 161
55 331
56 495
57 323
58 485
59 491
60 337
61 168
62 327
63 172
64 340
65 168
66 169
1 496
2 688
3 993
4 1465
5 1737
6 1121
7 959
8 832
9 788
10 614
11 785
12 820
13 838
14 996
15 813
16 953
17 958
18 1140
19 982
20 820
21 968
22 1124
23 1104
24 956
25 1115
26 977
27 1011
28 1323
29 1158
30 1463
31 1132
32 986
33 991
34 973
35 667
36 671
37 822
38 840
39 503
40 336
41 173
42 345
43 335
44 510
45 321
46 499
47 468
48 503
49 506
50 501
51 337
52 491
53 472
54 479
55 322
56 478
57 328
58 339
59 336
60 163
61 492
62 172
63 335
64 327
65 334
66 487
67 337
68 168
69 328
70 170
71 330
72 327
73 336
74 173
1 492
2 695
3 1208
4 1303
5 1770
6 1301
7 968
8 646
9 811
10 662
11 829
12 843
13 1147
14 990
15 812
16 1001
17 1174
18 1000
19 983
20 815
21 997
22 813
23 783
24 969
25 800
26 948
27 796
28 923
29 963
30 819
31 972
32 954
33 1130
34 959
35 795
36 984
37 816
38 820
39 825
40 489
41 645
42 326
43 646
44 811
45 645
46 811
47 817
48 497
49 491
50 662
51 329
52 334
53 353
54 175
55 347
56 342
57 481
58 500
59 322
60 502
61 492
62 820
63 815
64 829
65 500
66 166
67 503
68 506
69 341
70 348
71 327
72 162
73 330
74 327
75 333
76 165
77 335
78 486
79 168
80 170
1 574
2 595
3 1030
4 1427
5 1711
6 1155
7 1017
8 730
9 877
10 729
11 878
12 1020
13 876
14 891
15 873
16 854
17 741
18 747
19 1011
20 1295
21 1133
22 1013
23 990
24 872
25 1012
26 888
27 1024
28 1180
29 1039
30 1169
31 890
32 583
33 432
34 580
35 433
36 453
37 437
38 440
39 569
40 428
41 427
42 437
43 147
44 296
45 436
46 295
47 298
48 439
49 295
50 289
51 287
52 144
53 290
54 282
55 293
56 437
57 432
58 288
59 295
60 292
61 142
62 292
63 291
64 571
65 435
66 705
67 588
68 581
69 301
70 440
71 302
72 149
73 150
74 147
1 567
2 593
3 1204
4 1574
5 1666
6 1263
7 998
8 715
9 884
10 742
11 1026
12 1004
13 877
14 853
15 884
16 884
17 863
18 1168
19 1039
20 1040
21 881
22 876
23 1045
24 1055
25 1033
26 1015
27 1039
28 1020
29 1027
30 1011
31 891
32 748
33 739
34 603
35 708
36 580
37 583
38 728
39 734
40 594
41 737
42 745
43 597
44 887
45 893
46 589
47 579
48 596
49 459
50 761
51 306
52 449
53 432
54 595
55 448
56 457
57 456
58 459
59 455
60 308
61 298
62 146
63 150
1 575
2 456
3 1199
4 1403
5 1705
6 1145
7 1009
8 877
9 874
10 741
11 733
12 743
13 1025
14 898
15 979
16 1005
17 1012
18 988
19 975
20 1009
21 865
22 860
23 1025
24 1154
25 867
26 1014
27 1001
28 1152
29 1005
30 1113
31 1020
32 857
33 559
34 556
35 559
36 419
37 433
38 423
39 280
40 425
41 282
42 281
43 281
44 287
45 291
46 158
47 149
1 438
2 602
3 881
4 1135
5 1554
6 1140
7 864
8 558
9 706
10 706
11 724
12 728
13 742
14 879
15 711
16 889
17 753
18 879
19 875
20 875
21 741
22 729
23 703
24 873
25 576
26 721
27 727
28 852
29 853
30 702
31 855
32 867
33 723
34 855
35 718
36 564
37 566
38 560
39 428
40 706
41 578
42 582
43 433
44 432
45 432
46 440
47 432
48 438
49 430
50 291
51 438
52 436
53 292
54 435
55 285
56 415
57 283
58 419
59 425
60 275
61 281
62 279
63 416
64 426
65 283
66 418
67 540
68 417
69 413
70 437
71 427
72 145
73 142
74 282
75 140
76 142
1 436
2 606
3 872
4 1142
5 1432
6 1277
7 729
8 716
9 592
10 585
11 591
12 740
13 440
14 731
15 856
16 878
17 875
18 853
19 739
20 730
21 725
22 727
23 727
24 846
25 732
26 718
27 731
28 873
29 723
30 706
31 699
32 726
33 852
34 853
35 840
36 710
37 431
38 436
39 291
40 144
1 437
2 605
3 893
4 1166
5 1298
6 1134
7 880
8 586
9 738
10 732
11 718
12 882
13 1042
14 750
15 597
16 733
17 871
18 880
19 751
20 714
21 736
22 742
23 749
24 724
25 889
26 734
27 1018
28 739
29 747
30 885
31 894
32 1007
33 990
34 1015
35 737
36 730
37 597
38 742
39 590
40 441
41 565
42 437
43 432
44 424
45 293
46 448
47 284
48 441
49 589
50 295
51 440
52 444
53 593
54 427
55 449
56 589
57 574
58 584
59 437
60 600
61 560
62 562
63 437
64 566
65 430
66 571
67 580
68 294
69 424
70 283
71 291
72 284
73 287
74 446
75 288
76 581
77 423
78 447
79 592
80 297
81 586
82 300
83 438
84 438
85 430
86 423
87 275
88 277
89 279
90 137
91 144
92 284
93 274
94 142
95 146
96 286
97 145
98 283
99 288
100 284
101 141
102 288
103 287
104 292
105 147
106 301
107 151
108 149
109 299
110 141
1 413
2 580
3 839
4 1341
5 1296
6 1008
7 787
8 786
9 647
10 659
11 665
12 688
13 533
14 676
15 787
16 915
17 774
18 775
19 941
20 800
21 794
22 945
23 678
24 774
25 929
26 778
27 791
28 787
29 805
30 783
31 929
32 537
33 545
34 413
35 408
36 134
37 264
1 396
2 563
3 990
4 1184
5 1420
6 1181
7 789
8 687
9 671
10 824
11 703
12 820
13 830
14 691
15 811
16 791
17 658
18 805
19 672
20 923
21 663
22 657
23 784
24 794
25 685
26 827
27 819
28 814
29 822
30 815
31 932
32 925
33 800
34 537
35 557
36 546
37 526
38 524
39 513
40 544
41 539
42 523
43 803
44 554
45 545
46 532
47 417
48 409
49 549
50 554
51 558
52 411
53 420
54 551
55 552
56 809
57 692
58 702
59 678
60 553
61 562
62 557
63 421
64 423
65 285
66 135
67 267
68 281
69 279
70 143
71 136
72 275
73 141
74 283
75 137
76 137
1 406
2 571
3 967
4 1140
5 1438
6 1069
7 665
8 650
9 791
10 674
11 819
12 683
13 814
14 682
15 817
16 816
17 953
18 786
19 819
20 782
21 809
22 689
23 941
24 808
25 815
26 809
27 930
28 798
29 928
30 926
31 808
32 937
33 822
34 544
35 400
36 401
37 666
38 658
39 668
40 521
41 519
42 508
43 535
44 257
45 395
46 517
47 657
48 525
49 397
50 396
51 391
52 390
53 255
54 391
55 383
56 385
57 508
58 373
59 505
60 493
61 373
62 499
63 494
64 260
65 250
66 369
67 387
68 248
69 387
70 255
71 398
72 125
73 251
74 383
75 514
76 260
77 385
78 258
79 129
80 389
81 267
82 264
83 384
84 404
85 389
86 394
87 622
88 519
89 383
90 269
91 395
92 261
93 396
94 266
95 136
96 278
97 128
98 133
99 275
100 128
101 266
102 138
1 432
2 312
3 905
4 1025
5 1145
6 1115
7 703
8 578
9 577
10 744
11 749
12 593
13 750
14 744
15 590
16 737
17 732
18 724
19 579
20 876
21 738
22 732
23 893
24 598
25 737
26 738
27 738
28 725
29 724
30 727
31 735
32 886
33 733
34 900
35 730
36 733
37 731
38 730
39 584
40 600
41 448
42 444
43 580
44 582
45 434
46 435
47 563
48 571
49 579
50 578
51 427
52 446
53 436
54 430
55 582
56 591
57 571
58 564
59 569
60 426
61 437
62 439
63 285
64 286
65 423
66 288
67 144
68 428
69 441
70 281
71 299
72 290
73 145
74 286
75 149
76 438
77 284
78 291
79 288
80 285
81 145
82 149
83 146
84 288
85 289
86 300
87 144
88 145
89 287
90 144
91 288
92 146
93 144
94 147
95 145
96 292
97 142
98 140
99 287
100 290
101 143
102 287
103 144
104 283
105 292
106 143
107 142
108 141
109 143
110 166
111 281
112 299
113 290
114 282
115 139
116 285
117 138
118 145
119 282
120 141
121 141
122 284
123 141
1 415
2 431
3 820
4 913
5 1285
6 1053
7 664
8 684
9 666
10 672
11 552
12 556
13 674
14 662
15 671
16 684
17 800
18 812
19 820
20 812
21 951
22 676
23 694
24 655
25 791
26 806
27 551
28 696
29 807
30 943
31 667
32 819
33 809
34 679
35 673
36 538
37 542
38 548
39 407
40 540
41 408
42 392
43 546
44 534
45 398
46 644
47 387
48 523
49 393
50 394
51 519
52 404
53 269
54 408
55 269
56 390
57 514
58 377
59 531
60 396
61 403
62 395
63 389
64 273
65 279
66 276
67 277
68 130
69 262
70 138
71 267
72 267
73 265
74 268
75 268
76 398
77 262
78 269
79 135
80 135
81 254
82 261
83 254
84 127
85 126
86 258
87 264
88 132
89 132
90 139
1 453
2 296
3 891
4 881
5 1376
6 1107
7 580
8 559
9 439
10 423
11 555
12 560
13 560
14 702
15 552
16 716
17 711
18 700
19 717
20 704
21 714
22 565
23 555
24 549
25 699
26 709
27 710
28 704
29 702
30 700
31 707
32 714
33 720
34 698
35 837
36 869
37 703
38 861
39 710
40 835
41 552
42 702
43 563
44 297
45 421
46 420
47 274
48 420
49 418
50 420
51 430
52 434
53 425
54 411
55 272
56 415
57 278
58 421
59 422
60 281
61 414
62 278
63 409
64 279
65 561
66 422
67 276
68 283
69 275
70 276
71 142
72 420
73 280
74 279
75 419
76 144
77 282
78 281
79 420
80 273
81 267
82 402
83 273
84 272
85 266
86 266
87 272
88 278
89 277
90 275
91 275
92 265
93 393
94 137
95 265
96 133
97 135
98 131
99 136
1 390
2 556
3 801
4 1057
5 1367
6 902
7 633
8 632
9 651
10 512
11 515
12 510
13 646
14 781
15 651
16 778
17 793
18 904
19 898
20 891
21 629
22 661
23 657
24 663
25 638
26 648
27 654
28 763
29 769
30 782
31 647
32 649
33 764
34 651
35 628
36 642
37 649
38 403
39 134
40 270
41 127
42 382
43 377
44 252
45 383
46 129
47 248
48 259
49 255
50 253
51 127
52 257
53 253
54 261
55 252
56 123
57 252
58 251
59 253
60 248
61 379
62 258
63 384
64 254
65 254
66 255
67 253
68 133
69 250
70 124
71 123
72 255
73 123
74 124
1 382
2 553
3 659
4 1136
5 1229
6 1020
7 641
8 639
9 648
10 658
11 653
12 646
13 519
14 514
15 642
16 648
17 667
18 781
19 899
20 787
21 638
22 646
23 633
24 650
25 510
26 503
27 638
28 786
29 638
30 765
31 1014
32 762
33 770
34 656
35 516
36 626
37 632
38 501
39 505
40 513
41 506
42 519
43 381
44 524
45 378
46 383
47 401
48 515
49 515
50 388
51 396
52 387
53 534
54 388
55 392
56 528
57 265
58 393
59 394
60 389
61 545
62 528
63 389
64 524
65 383
66 525
67 258
68 395
69 264
70 258
71 257
72 260
73 131
74 129
75 128
76 132
77 134
78 271
79 132
80 130
81 133
1 411
2 422
3 792
4 1142
5 1245
6 883
7 769
8 633
9 514
10 513
11 526
12 528
13 637
14 636
15 639
16 643
17 777
18 929
19 796
20 919
21 -5
22 789
23 792
24 662
25 657
26 783
27 635
28 654
29 541
30 773
31 762
32 759
33 764
34 904
35 920
36 644
37 653
38 386
39 518
40 388
41 513
42 384
43 382
44 384
45 385
46 384
47 383
48 393
49 396
50 515
51 378
52 385
53 377
54 394
55 376
56 263
57 257
58 383
59 262
60 263
61 388
62 259
63 393
64 261
65 262
66 393
67 259
68 270
69 393
70 519
71 269
72 267
73 270
74 134
75 264
76 130
77 265
78 137
79 265
80 130
81 260
82 127
83 128
84 125
85 129
1 404
2 426
3 677
4 917
5 1032
6 1040
7 787
8 515
9 388
10 527
11 413
12 -63
13 401
14 408
15 546
16 665
17 673
18 798
19 667
20 651
21 663
22 651
23 651
24 652
25 536
26 530
27 521
28 535
29 655
30 519
31 391
32 512
33 531
34 508
35 511
36 636
37 516
38 639
39 763
40 764
41 767
42 629
43 644
44 530
45 646
46 500
47 641
48 380
49 534
50 394
51 387
52 519
53 521
54 398
55 527
56 525
57 522
58 392
59 388
60 399
61 379
62 387
63 388
64 522
65 259
66 125
67 127
68 128
69 255
70 262
71 252
72 247
73 261
74 125
75 269
76 124
77 376
78 255
79 392
80 502
81 386
82 505
83 380
84 924
85 527
86 638
87 376
88 252
89 266
90 260
91 266
92 263
93 260
94 408
95 263
96 259
97 129
98 128
99 127
100 260
101 132
102 136
103 131
104 258
105 256
106 131
107 133
108 137
109 268
110 266
111 129
112 129
113 129
114 131
1 411
2 430
3 538
4 1038
5 1134
6 1031
7 658
8 528
9 514
10 658
11 510
12 523
13 649
14 397
15 527
16 534
17 664
18 527
19 657
20 655
21 660
22 641
23 657
24 644
25 502
26 663
27 801
28 660
29 644
30 657
31 536
32 654
33 658
34 639
35 513
36 641
37 767
38 627
39 518
40 1202
41 512
42 520
43 384
44 513
45 391
46 260
47 506
48 375
49 248
50 369
51 506
52 488
53 491
54 366
55 497
56 381
57 495
58 504
59 511
60 496
61 503
62 515
63 377
64 622
65 375
66 372
67 259
68 381
69 245
70 376
71 383
72 258
73 257
74 254
75 383
76 250
77 253
78 122
79 261
80 263
81 136
82 265
83 261
84 125
85 122
86 124
87 126
88 129
89 129
90 130
91 129
92 135
93 130
94 128
95 261
96 262
97 261
98 253
99 252
100 263
101 264
102 386
103 262
104 495
105 369
106 124
107 127
108 240
109 122
110 125
111 123
112 123
113 123
114 125
115 127
116 122
1 394
2 434
3 712
4 813
5 1166
6 1027
7 679
8 530
9 533
10 547
11 415
12 659
13 525
14 520
15 673
16 542
17 536
18 545
19 655
20 519
21 650
22 646
23 772
24 648
25 639
26 636
27 531
28 675
29 669
30 642
31 647
32 785
33 661
34 652
35 800
36 672
37 534
38 664
39 536
40 402
41 537
42 405
43 402
44 408
45 404
46 411
47 399
48 396
49 407
50 403
51 396
52 264
53 399
54 265
55 258
56 270
57 399
58 389
59 379
60 252
61 519
62 380
63 378
64 375
65 374
66 530
67 377
68 379
69 372
70 382
71 406
72 397
73 271
74 400
75 390
76 401
77 403
78 534
79 271
80 400
81 407
82 267
83 404
84 395
85 400
86 257
87 257
88 393
89 268
90 414
91 265
92 131
93 266
94 401
95 278
96 414
97 262
98 413
99 404
100 400
101 265
102 270
103 393
104 137
105 280
106 270
107 280
108 409
109 261
110 132
111 131
112 132
113 130
114 133
115 260
116 131
117 132
118 128
119 128
120 132
121 129
122 136
1 377
2 414
3 639
4 993
5 1197
6 958
7 503
8 488
9 619
10 491
11 493
12 494
13 496
14 511
15 508
16 629
17 616
18 751
19 610
20 618
21 621
22 742
23 740
24 742
25 619
26 754
27 622
28 619
29 606
30 765
31 631
32 732
33 611
34 732
35 751
36 661
37 637
38 480
39 485
40 494
41 382
42 382
43 243
44 354
45 471
46 359
47 346
48 237
49 349
50 357
51 243
52 240
53 356
54 237
55 238
56 238
57 119
58 241
59 116
60 240
61 226
62 347
63 471
64 474
65 594
66 484
67 468
68 588
69 593
70 590
71 468
72 359
73 244
74 363
75 235
76 351
77 356
78 366
79 360
80 488
81 364
82 120
83 240
84 239
85 241
86 249
87 250
88 244
89 249
90 237
91 244
92 244
93 248
94 123
95 244
96 249
97 248
98 237
99 122
100 125
101 120
102 127
103 252
104 122
105 124
106 246
107 121
108 240
109 246
110 240
111 240
112 247
113 122
114 246
115 245
116 124
117 125
118 250
119 250
120 251
121 248
122 128
123 124
124 122
125 126
1 377
2 396
3 763
4 1130
5 1237
6 851
7 619
8 637
9 398
10 511
11 384
12 631
13 614
14 625
15 738
16 597
17 731
18 480
19 715
20 588
21 595
22 485
23 487
24 611
25 623
26 491
27 508
28 474
29 627
30 612
31 731
32 618
33 734
34 789
35 732
36 847
37 742
38 765
39 626
40 507
41 517
42 497
43 505
44 381
45 244
46 246
47 253
48 249
49 378
50 380
51 252
52 382
53 384
54 258
55 382
56 497
57 513
58 507
59 527
60 382
61 381
62 511
63 390
64 511
65 373
66 127
67 247
68 251
69 258
70 131
71 251
72 123
73 128
74 122
75 132
76 130
77 253
78 128
79 134
80 123
81 123
1 385
2 543
3 802
4 889
5 1214
6 961
7 634
8 618
9 630
10 637
11 509
12 538
13 553
14 528
15 767
16 524
17 649
18 653
19 646
20 507
21 623
22 642
23 641
24 626
25 514
26 504
27 646
28 745
29 619
30 620
31 632
32 760
33 629
34 726
35 745
36 614
37 619
38 366
39 506
40 390
41 358
42 497
43 255
44 373
45 394
46 256
47 389
48 258
49 376
50 265
51 383
52 243
53 350
54 361
55 263
56 620
57 377
58 256
59 256
60 258
61 667
62 247
63 388
64 261
65 362
66 242
67 487
68 500
69 368
70 245
71 256
72 242
73 249
74 251
75 254
76 252
77 244
78 368
79 117
80 122
81 238
82 120
83 369
84 239
85 237
86 235
87 355
88 240
89 240
90 240
91 121
92 239
93 124
94 245
95 241
96 234
97 118
98 248
99 134
100 128
101 252
102 245
103 368
104 363
105 248
106 246
107 361
108 243
109 363
110 375
111 237
112 227
113 368
114 383
115 260
116 251
117 125
118 127
119 255
120 129
121 131
1 393
2 414
3 645
4 897
5 1015
6 998
7 505
8 515
9 507
10 526
11 523
12 522
13 390
14 516
15 541
16 534
17 647
18 675
19 520
20 640
21 522
22 668
23 526
24 659
25 680
26 647
27 531
28 697
29 529
30 643
31 532
32 529
33 686
34 547
35 681
36 661
37 779
38 789
39 789
40 823
41 653
42 646
43 646
44 542
45 519
46 526
47 265
48 409
49 388
50 402
51 282
52 404
53 385
54 397
55 398
56 396
57 391
58 409
59 536
60 380
61 387
62 387
63 401
64 410
65 379
66 380
67 364
68 524
69 374
70 363
71 386
72 500
73 502
74 382
75 509
76 531
77 402
78 403
79 521
80 542
81 515
82 498
83 388
84 258
85 252
86 387
87 262
88 251
89 130
90 252
91 256
92 132
93 125
94 130
95 256
96 138
97 134
98 269
99 128
100 123
101 130
102 131
103 129
1 383
2 418
3 676
4 897
5 1054
6 1163
7 513
8 502
9 505
10 528
11 418
12 543
13 515
14 512
15 394
16 390
17 524
18 648
19 626
20 645
21 637
22 638
23 642
24 630
25 651
26 652
27 652
28 631
29 773
30 790
31 684
32 812
33 633
34 636
35 656
36 655
37 639
38 789
39 674
40 672
41 522
42 394
43 375
44 402
45 386
46 269
47 421
48 264
49 259
50 130
51 262
52 123
53 124
54 251
55 263
56 259
57 387
58 256
59 392
60 254
61 262
62 264
63 398
64 252
65 257
66 412
67 364
68 374
69 128
70 262
71 378
72 258
73 253
74 401
75 277
76 278
77 267
78 259
79 253
80 247
81 254
82 248
83 277
84 277
85 268
86 130
87 125
88 126
89 134
90 131
91 255
92 125
93 250
94 131
95 132
96 131
97 136
98 268
99 128
100 126
101 132
102 140
103 126
104 138
105 135
1 400
2 413
3 658
4 780
5 1138
6 764
7 651
8 516
9 390
10 405
11 513
12 519
13 515
14 652
15 513
16 522
17 525
18 543
19 532
20 654
21 649
22 687
23 784
24 635
25 643
26 661
27 646
28 553
29 556
30 531
31 690
32 638
33 523
34 658
35 521
36 775
37 776
38 903
39 760
40 806
41 666
42 386
43 530
44 518
45 494
46 503
47 388
48 390
49 252
50 254
51 254
52 263
53 266
54 262
55 250
56 128
57 388
58 265
59 129
60 132
61 256
62 253
63 263
64 251
65 128
66 260
67 257
68 390
69 260
70 399
71 252
72 249
73 259
74 390
75 259
76 256
77 388
78 253
79 400
80 403
81 285
82 276
83 271
84 265
85 261
86 390
87 260
88 259
89 254
90 402
91 131
92 262
93 253
94 251
95 250
96 371
97 125
98 125
99 258
100 123
101 130
102 258
103 264
104 263
105 134
106 253
107 260
108 254
109 263
110 127
111 127
112 258
113 128
114 255
115 132
116 131
117 128
118 136
119 139
120 148
121 133
122 130
123 133
1 367
2 411
3 668
4 887
5 1102
6 1044
7 522
8 493
9 385
10 409
11 497
12 513
13 515
14 517
15 652
16 534
17 676
18 502
19 660
20 673
21 515
22 627
23 626
24 666
25 678
26 653
27 758
28 766
29 632
30 631
31 626
32 635
33 641
34 492
35 629
36 618
37 747
38 643
39 763
40 627
41 771
42 527
43 504
44 377
45 499
46 367
47 370
48 375
49 496
50 507
51 507
52 375
53 497
54 622
55 496
56 527
57 364
58 512
59 505
60 402
61 409
62 383
63 251
64 240
65 360
66 245
67 242
68 243
69 242
70 251
71 260
72 262
73 254
74 245
75 241
76 249
77 250
78 253
79 364
80 374
81 240
82 249
83 244
84 129
85 248
86 128
87 364
88 251
89 121
90 126
91 122
92 122
93 132
94 123
95 124
96 122
1 376
2 424
3 641
4 855
5 1105
6 998
7 770
8 499
9 500
10 504
11 517
12 515
13 640
14 518
15 521
16 633
17 640
18 780
19 631
20 634
21 666
22 640
23 509
24 534
25 767
26 657
27 657
28 639
29 646
30 657
31 649
32 776
33 635
34 874
35 758
36 751
37 648
38 777
39 530
40 508
41 630
42 500
43 375
44 260
45 374
46 372
47 377
48 376
49 258
50 242
51 386
52 377
53 365
54 490
55 505
56 506
57 513
58 510
59 398
60 380
61 253
62 260
63 133
64 252
65 128
66 382
67 252
68 260
69 254
70 250
71 125
72 250
73 256
74 257
75 250
76 260
77 265
78 273
79 262
80 259
81 122
82 253
83 251
84 266
85 264
86 133
87 129
88 132
89 129
90 131
91 134
92 126
1 372
2 403
3 677
4 867
5 1097
6 851
7 503
8 505
9 493
10 509
11 376
12 514
13 513
14 505
15 759
16 512
17 642
18 388
19 521
20 638
21 652
22 652
23 646
24 519
25 524
26 537
27 527
28 509
29 533
30 543
31 516
32 503
33 506
34 616
35 488
36 617
37 762
38 878
39 769
40 625
41 623
42 497
43 373
44 484
45 361
46 255
47 248
48 246
49 378
50 251
51 248
52 373
53 374
54 390
55 260
56 268
57 274
58 134
59 265
60 263
61 382
62 375
63 251
64 385
65 256
66 375
67 249
68 257
69 381
70 258
71 526
72 392
73 390
74 389
75 398
76 390
77 248
78 377
79 373
80 245
81 374
82 271
83 260
84 253
85 124
86 124
87 131
88 131
89 134
90 121
91 121
92 260
93 264
94 262
95 125
96 250
97 252
98 392
99 388
100 384
101 381
102 242
103 236
104 366
105 119
106 245
107 244
108 130
109 129
110 127
111 127
112 241
113 240
114 119
115 242
116 247
117 124
118 251
119 122
120 249
121 252
122 124
123 247
124 250
125 127
126 259
127 134
128 265
129 387
130 127
131 252
132 119
133 119
134 250
135 246
136 361
137 242
138 120
139 246
140 250
141 125
142 122
143 127
144 121
145 124
146 125
147 132
148 123
1 386
2 276
3 675
4 778
5 897
6 907
7 641
8 500
9 377
10 517
11 522
12 394
13 408
14 519
15 549
16 -195
17 648
18 662
19 644
20 509
21 629
22 384
23 515
24 403
25 531
26 405
27 656
28 517
29 612
30 631
31 492
32 508
33 500
34 498
35 490
36 644
37 507
38 628
39 629
40 643
41 624
42 761
43 756
44 630
45 658
46 647
47 671
48 519
49 395
50 509
51 368
52 367
53 506
54 510
55 507
56 488
57 494
58 393
59 499
60 492
61 503
62 374
63 511
64 379
65 389
66 271
67 386
68 529
69 373
70 359
71 377
72 492
73 371
74 506
75 262
76 251
77 250
78 404
79 403
80 396
81 380
82 257
83 887
84 251
85 257
86 265
87 262
88 398
89 365
90 401
91 263
92 388
93 247
94 249
95 125
96 123
97 260
98 127
99 126
100 121
101 140
102 139
103 134
104 131
105 133
106 133
107 133
108 126
109 126
110 256
111 269
112 131
113 134
114 130
115 135
116 134
117 128
118 128
119 126
120 131
121 130
122 132
123 134
124 134
1 387
2 276
3 673
4 786
5 1101
6 753
7 618
8 499
9 646
10 502
11 530
12 506
13 384
14 634
15 501
16 508
17 384
18 504
19 644
20 506
21 650
22 533
23 651
24 646
25 537
26 675
27 499
28 504
29 647
30 507
31 504
32 508
33 398
34 505
35 523
36 533
37 537
38 608
39 613
40 598
41 721
42 612
43 506
44 519
45 516
46 256
47 385
48 250
49 250
50 245
51 132
52 382
53 246
54 487
55 358
56 362
57 247
58 373
59 373
60 373
61 365
62 264
63 260
64 376
65 259
66 378
67 240
68 248
69 368
70 249
71 242
72 250
73 250
74 402
75 373
76 244
77 369
78 365
79 367
80 390
81 384
82 386
83 492
84 368
85 378
86 377
87 373
88 255
89 258
90 248
91 380
92 247
93 241
94 126
95 264
96 125
97 256
98 125
99 241
100 127
101 250
102 120
103 250
104 121
105 118
106 243
107 115
108 353
109 370
110 254
111 255
112 121
113 122
114 243
115 119
116 249
117 244
118 116
119 240
120 255
121 126
122 259
123 133
124 121
125 122
126 112
127 121
128 119
129 118
130 123
131 122
132 126
133 121
134 119
135 120
1 389
2 281
3 679
4 790
5 1005
6 873
7 651
8 389
9 396
10 527
11 280
12 518
13 407
14 529
15 525
16 533
17 533
18 524
19 417
20 516
21 636
22 635
23 520
24 515
25 629
26 530
27 657
28 511
29 635
30 629
31 515
32 664
33 547
34 641
35 641
36 771
37 631
38 503
39 627
40 515
41 631
42 650
43 642
44 507
45 504
46 381
47 509
48 374
49 378
50 380
51 258
52 380
53 251
54 380
55 263
56 377
57 383
58 381
59 374
60 374
61 376
62 363
63 377
64 250
65 240
66 374
67 367
68 246
69 381
70 382
71 244
72 249
73 370
74 248
75 379
76 386
77 391
78 512
79 377
80 359
81 361
82 358
83 370
84 378
85 501
86 383
87 366
88 374
89 248
90 237
91 248
92 128
93 122
94 252
95 260
96 131
97 241
98 260
99 131
100 130
101 266
102 129
103 136
104 247
105 124
106 115
107 121
108 240
109 122
110 244
111 241
112 245
113 259
114 122
115 128
116 121
117 121
118 239
119 117
120 250
121 131
122 121
123 118
124 244
125 122
126 244
127 123
128 251
129 128
130 244
131 241
132 244
133 122
134 238
135 244
136 243
137 122
138 118
139 119
140 122
141 121
142 115
143 117
144 117
145 120
146 120
147 117
148 128
1 377
2 288
3 671
4 780
5 891
6 871
7 629
8 498
9 367
10 389
11 513
12 368
13 509
14 527
15 536
16 542
17 646
18 646
19 507
20 647
21 517
22 634
23 503
24 628
25 527
26 503
27 516
28 510
29 634
30 503
31 516
32 531
33 647
34 506
35 503
36 652
37 499
38 514
39 510
40 498
41 510
42 513
43 519
44 387
45 387
46 374
47 376
48 364
49 248
50 371
51 377
52 379
53 361
54 367
55 348
56 253
57 365
58 353
59 349
60 345
61 236
62 353
63 354
64 357
65 366
66 262
67 391
68 265
69 263
70 256
71 249
72 243
73 244
74 382
75 373
76 264
77 388
78 378
79 384
80 390
81 390
82 380
83 388
84 399
85 359
86 376
87 511
88 375
89 382
90 377
91 258
92 392
93 248
94 248
95 377
96 246
97 249
98 249
99 253
100 252
101 249
102 122
103 254
104 134
105 136
106 134
107 124
108 129
109 127
110 130
111 131
112 134
113 126
114 125
115 123
116 250
117 259
118 129
119 249
120 250
121 252
122 124
123 248
124 252
125 119
126 246
127 252
128 127
129 121
130 245
131 124
132 127
133 125
134 123
135 123
136 120
137 124
138 119
139 126
140 124
141 121
142 119
143 119
144 121
145 129
146 123
1 382
2 274
3 682
4 791
5 905
6 895
7 656
8 528
9 383
10 488
11 390
12 516
13 395
14 531
15 386
16 513
17 636
18 502
19 629
20 527
21 526
22 534
23 505
24 495
25 490
26 512
27 507
28 621
29 656
30 664
31 640
32 513
33 501
34 534
35 519
36 528
37 646
38 373
39 636
40 496
41 615
42 723
43 503
44 387
45 512
46 235
47 359
48 257
49 253
50 381
51 252
52 247
53 364
54 491
55 493
56 478
57 351
58 249
59 362
60 348
61 360
62 246
63 249
64 363
65 247
66 245
67 126
68 124
69 124
70 123
71 255
1 368
2 285
3 661
4 768
5 1005
6 869
7 642
8 399
9 535
10 408
11 385
12 267
13 529
14 393
15 504
16 501
17 387
18 514
19 503
20 628
21 491
22 634
23 622
24 511
25 509
26 638
27 486
28 632
29 508
30 654
31 527
32 503
33 500
34 482
35 485
36 475
37 482
38 478
39 362
40 598
41 464
42 609
43 729
44 596
45 477
46 364
47 349
48 361
49 242
50 126
51 239
52 248
53 122
54 249
55 237
56 229
57 126
58 117
59 229
60 115
61 234
62 346
63 249
64 231
65 351
66 358
67 353
68 243
69 238
70 377
71 234
72 361
73 238
74 362
75 239
76 471
77 240
78 366
79 359
80 235
81 247
82 240
83 246
84 237
85 239
86 366
87 251
88 130
89 252
90 240
91 236
92 363
93 251
94 363
95 249
96 246
97 493
98 360
99 367
100 120
101 244
102 251
103 246
104 123
105 118
106 132
107 125
108 249
109 123
110 129
111 127
112 128
113 122
114 122
115 246
116 130
117 123
118 133
119 133
120 131
121 131
122 131
123 127
124 127
125 130
126 132
127 128
1 285
2 443
3 537
4 649
5 878
6 910
7 623
8 381
9 373
10 379
11 388
12 266
13 414
14 406
15 541
16 402
17 529
18 529
19 424
20 534
21 672
22 529
23 647
24 523
25 671
26 531
27 398
28 530
29 529
30 519
31 399
32 527
33 529
34 403
35 529
36 516
37 523
38 403
39 523
40 387
41 537
42 513
43 645
44 405
45 384
46 394
47 511
48 515
49 249
50 367
51 375
52 255
53 254
54 250
55 243
56 366
57 241
58 359
59 368
60 248
61 366
62 240
63 238
64 249
65 238
66 361
67 248
68 363
69 363
70 359
71 236
72 249
73 242
74 123
75 257
76 249
77 118
78 242
79 123
80 239
81 118
82 115
83 128
84 117
85 118
86 111
87 117
88 114
89 113
90 115
91 115
92 111
93 114
94 346
95 224
96 455
97 347
98 113
99 234
100 119
101 235
102 114
103 116
104 225
105 227
106 233
107 240
108 237
109 228
110 236
111 113
112 235
113 119
114 236
115 110
116 233
117 119
118 113
119 114
120 111
121 230
122 120
123 112
124 114
125 108
126 224
127 117
128 112
129 113
130 114
131 109
132 111
133 120
134 111
135 115
136 108
137 111
1 363
2 284
3 525
4 763
5 744
6 742
7 753
8 514
9 377
10 520
11 381
12 387
13 386
14 385
15 503
16 508
17 522
18 515
19 531
20 506
21 386
22 511
23 657
24 535
25 403
26 526
27 387
28 520
29 500
30 524
31 510
32 521
33 506
34 643
35 386
36 517
37 375
38 513
39 522
40 637
41 503
42 631
43 511
44 508
45 650
46 747
47 506
48 390
49 379
50 505
51 368
52 370
53 491
54 376
55 363
56 366
57 369
58 366
59 379
60 368
61 242
62 259
63 237
64 373
65 252
66 236
67 251
68 246
69 242
70 126
71 236
72 127
73 238
74 240
75 128
76 245
77 258
78 247
79 252
80 244
81 349
82 361
83 380
84 248
85 248
86 378
87 247
88 241
89 122
90 128
91 252
92 259
93 132
94 249
95 128
96 123
97 123
98 254
99 247
100 132
101 371
102 247
103 243
104 367
105 359
106 358
107 251
108 240
109 254
110 243
111 357
112 243
113 237
114 121
115 125
116 239
117 244
118 250
119 245
120 360
121 246
122 239
123 231
124 114
125 234
126 245
127 246
128 253
129 372
130 124
131 124
132 124
133 123
134 120
135 120
136 126
137 121
138 131
139 121
140 124
141 119
142 132
143 117
144 119
145 119
146 119
147 121
148 121
1 372
2 272
3 522
4 630
5 865
6 841
7 606
8 373
9 363
10 349
11 382
12 257
13 507
14 371
15 518
16 372
17 499
18 501
19 372
20 490
21 483
22 372
23 478
24 490
25 380
26 502
27 367
28 497
29 502
30 492
31 368
32 378
33 492
34 620
35 492
36 488
37 482
38 491
39 492
40 502
41 494
42 495
43 480
44 482
45 603
46 490
47 480
48 358
49 360
50 471
51 477
52 372
53 368
54 248
55 245
56 118
57 118
58 242
59 247
60 250
61 124
62 249
63 230
64 351
65 245
66 236
67 237
68 124
69 234
70 119
71 233
72 113
73 231
74 232
75 341
76 347
77 237
78 226
79 216
80 223
81 334
82 235
83 332
84 331
85 329
86 352
87 224
88 244
89 357
90 235
91 222
92 115
93 117
94 244
95 122
96 233
97 116
98 237
99 228
100 343
101 344
102 234
103 113
104 228
105 113
106 113
107 123
108 113
109 114
110 231
111 116
112 121
113 116
114 117
115 122
116 114
117 117
118 116
119 113
120 117
121 111
122 112
123 222
124 218
125 239
126 236
127 227
128 233
129 229
130 246
131 119
132 115
133 115
134 116
135 117
136 119
137 115
138 126
139 117
140 120
141 121
142 117
143 116
144 122
145 116
146 121
147 115
148 111
149 112
150 109
1 258
2 442
3 534
4 639
5 1010
6 768
7 619
8 382
9 366
10 501
11 380
12 520
13 516
14 395
15 389
16 389
17 410
18 405
19 520
20 527
21 512
22 389
23 527
24 630
25 498
26 636
27 634
28 621
29 524
30 659
31 510
32 657
33 504
34 497
35 506
36 512
37 500
38 488
39 518
40 635
41 634
42 517
43 507
44 639
45 503
46 386
47 497
48 403
49 390
50 395
51 384
52 388
53 268
54 398
55 266
56 264
57 260
58 255
59 375
60 246
61 245
62 241
63 127
64 120
65 121
66 116
67 122
68 116
69 121
70 118
71 113
72 119
73 119
74 120
75 238
76 122
77 238
78 239
79 238
80 369
81 368
82 256
83 247
84 123
85 246
86 121
87 123
88 127
89 132
90 128
91 121
92 246
1 358
2 291
3 415
4 795
5 782
6 896
7 649
8 515
9 392
10 373
11 411
12 388
13 385
14 509
15 377
16 506
17 385
18 510
19 504
20 385
21 519
22 528
23 504
24 371
25 510
26 521
27 507
28 513
29 515
30 503
31 640
32 522
33 376
34 651
35 647
36 501
37 752
38 510
39 517
40 505
41 635
42 638
43 506
44 636
45 513
46 627
47 506
48 505
49 513
50 379
51 380
52 238
53 248
54 370
55 394
56 375
57 265
58 131
59 249
60 125
61 370
62 245
63 363
64 367
65 243
66 257
67 117
68 126
69 120
70 246
71 121
72 123
73 127
74 251
75 127
76 125
77 123
78 123
79 239
80 121
81 123
82 127
83 239
84 123
85 239
86 119
87 236
88 239
89 237
90 244
91 124
92 238
93 124
94 237
95 123
96 240
97 235
98 245
99 124
100 235
101 250
102 242
103 125
104 236
105 123
106 243
107 245
108 120
109 239
110 347
111 231
112 249
113 124
114 118
115 120
116 117
117 247
118 128
119 121
120 120
121 118
122 114
123 125
124 119
125 117
126 244
127 234
128 243
129 121
130 118
131 251
132 117
133 117
134 123
135 121
136 120
137 122
138 122
139 118
140 124
141 121
142 132
1 354
2 277
3 534
4 774
5 755
6 910
7 623
8 370
9 502
10 248
11 379
12 399
13 398
14 424
15 407
16 534
17 683
18 531
19 403
20 536
21 539
22 532
23 534
24 526
25 673
26 542
27 659
28 536
29 521
30 658
31 524
32 406
33 657
34 528
35 646
36 658
37 650
38 510
39 532
40 515
41 530
42 528
43 687
44 546
45 545
46 544
47 410
48 540
49 417
50 406
51 419
52 268
53 269
54 385
55 268
56 406
57 274
58 397
59 259
60 383
61 254
62 257
63 252
64 377
65 385
66 248
67 368
68 261
69 252
70 262
71 134
72 261
73 401
74 272
75 257
76 396
77 257
78 257
79 257
80 260
81 124
82 252
83 253
84 127
85 260
86 259
87 254
88 250
89 256
90 253
91 269
92 253
93 249
94 253
95 261
96 134
97 134
98 133
99 251
100 124
101 258
102 142
103 257
104 130
105 397
106 386
107 395
108 268
109 257
110 260
111 405
112 259
113 256
114 258
115 133
116 257
117 135
118 128
119 128
120 135
121 123
122 125
123 136
124 138
125 126
1 258
2 453
3 417
4 669
5 800
6 777
7 647
8 507
9 390
10 387
11 394
12 387
13 394
14 541
15 534
16 384
17 513
18 383
19 394
20 506
21 404
22 515
23 401
24 524
25 390
26 537
27 402
28 404
29 653
30 524
31 527
32 399
33 532
34 410
35 529
36 395
37 529
38 532
39 403
40 519
41 527
42 403
43 527
44 391
45 651
46 527
47 668
48 536
49 531
50 529
51 532
52 510
53 528
54 390
55 508
56 378
57 383
58 389
59 519
60 412
61 386
62 377
63 394
64 384
65 509
66 367
67 376
68 380
69 387
70 372
71 245
72 247
73 240
74 243
75 243
76 242
77 241
78 237
79 240
80 238
81 237
82 237
83 239
84 247
85 244
86 241
87 242
88 129
89 239
90 244
91 239
92 239
93 240
94 255
95 243
96 120
97 247
98 247
99 253
100 242
101 254
102 234
103 363
104 236
105 243
106 243
107 237
108 121
109 238
110 239
111 245
112 250
113 256
114 239
115 257
116 119
117 239
118 120
119 247
120 238
121 120
122 126
123 123
124 129
125 124
126 243
127 122
128 123
129 118
130 240
131 117
132 117
133 233
134 125
135 232
136 249
137 235
138 239
139 118
140 126
141 118
142 118
143 118
144 119
145 120
146 118
147 118
148 117
149 118
150 119
151 124
152 115
153 114
154 116
155 113
1 274
2 442
3 416
4 552
5 899
6 778
7 514
8 504
9 387
10 252
11 391
12 391
13 386
14 532
15 382
16 532
17 374
18 380
19 504
20 634
21 508
22 512
23 517
24 400
25 524
26 513
27 396
28 518
29 394
30 524
31 398
32 526
33 531
34 528
35 526
36 514
37 378
38 536
39 531
40 392
41 524
42 517
43 513
44 531
45 534
46 520
47 668
48 630
49 513
50 515
51 498
52 623
53 504
54 497
55 494
56 506
57 375
58 501
59 372
60 380
61 389
62 368
63 248
64 369
65 244
66 362
67 371
68 248
69 240
70 235
71 233
72 365
73 242
74 233
75 247
76 241
77 119
78 367
79 356
80 354
81 373
82 348
83 352
84 353
85 248
86 237
87 119
88 124
89 116
90 239
91 121
92 124
93 125
94 116
95 237
96 111
97 116
98 229
99 224
100 222
101 229
102 235
103 224
104 344
105 232
106 231
107 223
108 125
109 223
110 118
111 229
112 110
113 109
114 113
115 108
116 117
117 114
118 112
119 120
120 116
121 120
122 115
123 225
124 112
125 227
126 115
127 114
128 122
129 119
130 232
131 119
132 121
133 110
134 119
135 124
136 117
137 115
138 121
139 114
140 116
141 113
142 115
143 115
144 117
145 110
146 109
147 116
148 109
149 113
150 227
151 109
152 110
153 110
154 110
155 107
156 112
157 115
158 221
159 109
160 109
161 111
162 110
163 112
164 116
165 115
1 266
2 445
3 407
4 650
5 904
6 917
7 529
8 406
9 395
10 403
11 279
12 392
13 395
14 540
15 428
16 419
17 564
18 544
19 544
20 405
21 388
22 525
23 527
24 409
25 517
26 516
27 398
28 521
29 400
30 521
31 527
32 394
33 408
34 401
35 399
36 414
37 406
38 536
39 400
40 408
41 393
42 541
43 528
44 520
45 386
46 528
47 649
48 530
49 533
50 659
51 512
52 388
53 258
54 388
55 265
56 390
57 258
58 255
59 139
60 253
61 263
62 259
63 260
64 252
65 262
66 251
67 253
68 257
69 261
70 244
71 251
72 258
73 240
74 249
75 249
76 122
77 239
78 250
79 253
80 121
81 365
82 254
83 379
84 370
85 249
86 248
87 258
88 124
89 241
90 257
91 131
92 131
93 251
94 124
95 251
96 381
97 259
98 364
99 132
100 379
101 237
102 121
103 257
104 124
105 120
106 121
107 255
108 130
109 114
110 350
111 239
112 129
113 249
114 352
115 250
116 120
117 241
118 242
119 118
120 123
121 239
122 121
123 120
124 121
125 126
126 121
127 117
128 121
129 123
130 124
131 128
132 120
133 124
134 123
135 127
136 121
137 124
138 122
1 274
2 294
3 547
4 701
5 800
6 759
7 658
8 403
9 380
10 387
11 395
12 530
13 396
14 387
15 395
16 519
17 541
18 396
19 392
20 400
21 393
22 527
23 530
24 394
25 527
26 533
27 410
28 529
29 417
30 544
31 384
32 380
33 529
34 646
35 527
36 395
37 520
38 525
39 530
40 394
41 532
42 522
43 531
44 412
45 389
46 535
47 526
48 390
49 514
50 520
51 391
52 523
53 521
54 399
55 258
56 392
57 264
58 130
59 387
60 250
61 247
62 262
63 258
64 242
65 359
66 238
67 250
68 242
69 378
70 374
71 250
72 379
73 239
74 385
75 384
76 377
77 268
78 262
79 245
80 246
81 375
82 371
83 367
84 244
85 370
86 383
87 261
88 258
89 264
90 277
91 271
92 255
93 252
94 266
95 254
96 268
97 249
98 254
99 285
100 265
101 2544
102 263
103 252
104 249
105 257
106 135
107 256
108 128
109 254
110 122
111 249
112 251
113 256
114 123
115 264
116 242
117 257
118 250
119 256
120 260
121 123
122 125
123 127
124 124
125 126
126 255
127 127
128 125
129 128
130 122
131 124
132 124
133 125
134 125
135 125
1 267
2 431
3 408
4 673
5 776
6 789
7 643
8 534
9 280
10 407
11 416
12 418
13 433
14 406
15 265
16 403
17 407
18 415
19 557
20 410
21 406
22 414
23 542
24 541
25 561
26 395
27 552
28 428
29 670
30 428
31 534
32 400
33 671
34 419
35 539
36 524
37 533
38 532
39 678
40 540
41 405
42 544
43 548
44 565
45 542
46 515
47 668
48 517
49 644
50 648
51 530
52 514
53 394
54 523
55 274
56 403
57 416
58 414
59 405
60 420
61 272
62 402
63 400
64 405
65 277
66 398
67 266
68 267
69 400
70 400
71 399
72 269
73 393
74 271
75 -883
76 286
77 138
78 256
79 378
80 267
81 379
82 251
83 381
84 382
85 251
86 374
87 246
88 251
89 247
90 261
91 123
92 241
93 251
94 123
95 263
96 256
97 125
98 123
99 127
100 125
101 123
102 121
103 120
104 121
105 136
106 121
107 125
1 272
2 430
3 410
4 658
5 772
6 917
7 668
8 383
9 268
10 392
11 390
12 397
13 527
14 530
15 412
16 527
17 384
18 384
19 532
20 535
21 412
22 404
23 416
24 400
25 529
26 526
27 529
28 398
29 543
30 521
31 522
32 514
33 524
34 529
35 548
36 415
37 521
38 667
39 524
40 386
41 519
42 513
43 394
44 408
45 532
46 397
47 530
48 393
49 524
50 391
51 388
52 252
53 -1189
54 257
55 127
56 278
57 259
58 149
59 149
60 134
61 275
62 134
63 142
64 259
65 127
66 264
67 134
68 267
69 132
70 267
71 134
72 267
73 253
74 128
75 261
76 130
77 141
78 140
79 256
80 129
81 274
82 141
83 136
84 253
85 256
86 128
87 133
88 259
89 129
90 128
91 259
92 129
93 129
94 264
95 389
96 276
97 132
98 263
99 263
100 135
101 261
102 269
103 269
104 269
105 260
106 268
107 267
108 260
109 259
110 267
111 384
112 256
113 134
114 259
115 129
116 130
117 264
118 144
119 143
120 140
121 271
122 136
123 284
124 277
125 138
126 273
127 140
128 139
129 260
130 131
131 275
132 136
133 277
134 147
135 142
136 264
137 145
138 145
139 267
140 137
141 134
142 137
143 140
144 145
145 136
146 135
147 137
148 135
149 134
1 265
2 294
3 539
4 664
5 642
6 786
7 679
8 520
9 396
10 419
11 276
12 131
13 294
14 271
15 272
16 404
17 403
18 421
19 555
20 419
21 274
22 403
23 389
24 551
25 410
26 402
27 527
28 392
29 519
30 530
31 403
32 390
33 514
34 397
35 417
36 270
37 389
38 397
39 393
40 536
41 388
42 402
43 520
44 396
45 540
46 523
47 397
48 515
49 506
50 521
51 524
52 522
53 518
54 523
55 403
56 413
57 398
58 270
59 395
60 257
61 390
62 268
63 132
64 263
65 277
66 406
67 412
68 272
69 270
70 406
71 265
72 267
73 276
74 275
75 270
76 285
77 264
78 130
79 261
80 130
81 252
82 264
83 253
84 266
85 246
86 264
87 253
88 261
89 253
90 249
91 384
92 250
93 247
94 128
95 130
96 256
97 124
98 393
99 122
100 260
101 124
102 248
103 256
104 247
105 250
106 124
107 249
108 129
109 125
110 255
111 132
112 246
113 250
114 253
115 386
116 256
117 253
118 132
119 248
120 125
121 254
122 123
123 250
124 254
125 123
126 123
127 245
128 123
129 126
130 127
131 134
132 137
133 129
134 122
135 135
136 123
137 122
138 126
139 122
140 125
141 123
142 126
143 126
144 134
145 125
146 124
147 123
148 126
149 125
150 124
151 128
152 129
153 125
154 125
155 125
156 133
157 124
158 122
159 132
160 129
161 125
162 123
163 129
164 122
165 123
166 123
167 128
168 123
169 126
170 124
171 133
172 120
173 124
174 131
175 123
1 266
2 296
3 547
4 656
5 806
6 690
7 669
8 412
9 266
10 537
11 406
12 399
13 402
14 412
15 423
16 291
17 416
18 528
19 391
20 526
21 416
22 261
23 414
24 529
25 404
26 544
27 405
28 402
29 417
30 407
31 403
32 398
33 527
34 534
35 413
36 530
37 399
38 537
39 406
40 422
41 417
42 404
43 396
44 413
45 401
46 402
47 537
48 394
49 431
50 536
51 555
52 422
53 540
54 400
55 544
56 406
57 436
58 402
59 272
60 267
61 416
62 267
63 266
64 266
65 260
66 282
67 143
68 268
69 264
70 259
71 133
72 271
73 131
74 268
75 140
76 132
77 249
78 138
79 259
80 259
81 122
82 264
83 248
84 127
85 266
86 128
87 255
88 126
89 129
90 129
91 252
92 129
93 254
94 255
95 124
96 257
97 120
98 130
99 238
100 240
101 257
102 124
103 246
104 250
105 245
106 364
107 249
108 259
109 252
110 250
111 247
112 250
113 247
114 271
115 127
116 262
117 376
118 129
119 252
120 255
121 137
122 252
123 125
124 253
125 128
126 128
127 130
128 250
129 125
130 116
131 238
132 121
133 121
134 124
135 242
136 238
137 118
138 237
139 121
140 238
141 131
142 117
143 116
144 118
145 119
146 115
147 117
148 120
149 114
150 240
151 116
152 116
153 253
154 118
155 230
156 121
157 234
158 121
159 243
160 123
161 120
162 244
163 116
164 121
165 122
166 118
167 121
168 127
169 121
170 122
171 122
172 125
173 127
1 273
2 294
3 558
4 527
5 776
6 756
7 659
8 390
9 389
10 256
11 394
12 261
13 395
14 403
15 392
16 413
17 256
18 400
19 276
20 403
21 249
22 385
23 391
24 513
25 389
26 519
27 525
28 511
29 532
30 402
31 388
32 404
33 259
34 394
35 394
36 528
37 398
38 393
39 520
40 521
41 515
42 382
43 393
44 516
45 527
46 554
47 557
48 410
49 547
50 517
51 518
52 524
53 661
54 525
55 507
56 392
57 405
58 252
59 392
60 377
61 399
62 258
63 260
64 267
65 266
66 264
67 257
68 260
69 258
70 262
71 140
72 377
73 247
74 255
75 498
76 271
77 262
78 264
79 385
80 261
81 249
82 265
83 251
84 253
85 255
86 262
87 125
88 254
89 126
90 126
91 131
92 247
93 252
94 124
95 245
96 265
97 254
98 125
99 254
100 127
101 249
102 127
103 126
104 250
105 127
106 124
107 250
108 130
109 120
110 246
111 131
112 250
113 243
114 123
115 124
116 131
117 132
118 121
119 122
120 121
121 130
122 125
123 126
124 261
125 125
126 127
127 126
128 124
129 127
130 130
131 131
132 125
133 132
1 270
2 295
3 553
4 550
5 787
6 678
7 708
8 420
9 433
10 436
11 281
12 405
13 407
14 275
15 411
16 271
17 434
18 274
19 404
20 396
21 401
22 418
23 556
24 417
25 436
26 537
27 397
28 534
29 415
30 555
31 561
32 437
33 583
34 428
35 425
36 432
37 553
38 421
39 419
40 419
41 421
42 425
43 549
44 416
45 422
46 575
47 436
48 572
49 542
50 544
51 552
52 419
53 429
54 576
55 419
56 406
57 531
58 409
59 298
60 414
61 420
62 413
63 281
64 405
65 281
66 290
67 142
68 413
69 270
70 142
71 268
72 399
73 136
74 268
75 260
76 267
77 272
78 259
79 259
80 413
81 132
82 280
83 268
84 260
85 264
86 142
87 260
88 276
89 258
90 263
91 264
92 144
93 264
94 137
95 259
96 260
97 261
98 258
99 269
100 251
101 373
102 363
103 247
104 366
105 261
106 258
107 259
108 391
109 246
110 371
111 255
112 257
113 362
114 121
115 244
116 246
117 236
118 246
119 245
120 241
121 118
122 241
123 260
124 242
125 239
126 358
127 244
128 381
129 246
130 249
131 363
132 120
133 133
134 252
135 121
136 242
137 134
138 126
139 125
140 119
141 122
142 128
143 126
144 127
145 132
146 117
147 118
148 116
149 118
150 115
151 122
152 127
153 119
1 265
2 298
3 570
4 675
5 689
6 674
7 671
8 527
9 263
10 407
11 268
12 395
13 267
14 399
15 393
16 291
17 393
18 271
19 407
20 403
21 402
22 412
23 528
24 396
25 539
26 401
27 671
28 520
29 402
30 521
31 399
32 522
33 530
34 663
35 525
36 527
37 540
38 423
39 411
40 416
41 555
42 417
43 416
44 527
45 388
46 403
47 400
48 397
49 525
50 419
51 554
52 529
53 535
54 541
55 530
56 524
57 525
58 515
59 390
60 544
61 396
62 396
63 396
64 397
65 392
66 264
67 300
68 407
69 276
70 142
71 283
72 268
73 133
74 262
75 263
76 255
77 263
78 256
79 252
80 250
81 387
82 256
83 262
84 400
85 258
86 260
87 388
88 255
89 255
90 255
91 266
92 254
93 262
94 259
95 263
96 132
97 375
98 261
99 376
100 257
101 392
102 249
103 390
104 256
105 252
106 250
107 245
108 260
109 256
110 126
111 252
112 380
113 252
114 247
115 249
116 265
117 247
118 127
119 252
120 134
121 252
122 266
123 128
124 257
125 126
126 255
127 129
128 254
129 136
130 251
131 126
132 249
133 267
134 123
135 249
136 133
137 246
138 251
139 133
140 126
141 127
142 128
143 122
144 241
145 126
146 131
147 128
148 125
149 127
150 136
151 127
152 137
153 127
154 134
155 127
156 129
157 128
158 130
159 129
160 127
161 138
162 127
163 135
164 125
165 128
166 128
167 126
168 127
169 125
170 127
171 126
172 125
173 127
174 127
1 270
2 296
3 550
4 663
5 794
6 682
7 523
8 539
9 269
10 398
11 269
12 402
13 277
14 396
15 412
16 414
17 410
18 277
19 423
20 282
21 423
22 426
23 583
24 427
25 557
26 556
27 559
28 416
29 401
30 405
31 403
32 556
33 404
34 540
35 284
36 548
37 567
38 414
39 420
40 434
41 548
42 418
43 408
44 427
45 552
46 414
47 274
48 426
49 419
50 569
51 418
52 560
53 567
54 412
55 547
56 290
57 428
58 417
59 542
60 400
61 393
62 402
63 258
64 389
65 261
66 395
67 262
68 390
69 256
70 395
71 269
72 385
73 255
74 253
75 260
76 267
77 259
78 415
79 135
80 285
81 132
82 264
83 267
84 132
85 261
86 269
87 270
88 271
89 266
90 276
91 140
92 273
93 263
94 282
95 263
96 269
97 271
98 268
99 391
100 266
101 398
102 258
103 264
104 397
105 402
106 266
107 257
108 381
109 260
110 263
111 272
112 129
113 273
114 289
115 408
116 253
117 392
118 286
119 284
120 138
121 153
122 139
123 276
124 143
125 146
126 145
127 136
128 136
129 273
130 267
131 129
132 262
133 259
134 253
135 261
136 258
137 127
138 254
139 391
140 136
141 271
142 135
143 266
144 137
145 137
146 131
147 132
148 134
149 133
150 135
151 135
152 130
153 142
154 136
155 137
156 133
157 128
158 132
159 137
160 137
161 127
162 138
163 130
164 131
165 130
166 132
167 133
168 132
169 129
170 133
171 128
172 127
173 129
174 133
175 132
176 139
177 124
178 132
179 130
180 130
181 129
182 132
183 130
184 133
185 141
186 257
187 145
188 133
189 129
190 130
191 125
192 265
193 260
194 136
195 129
196 130
197 125
198 131
199 130
200 140
201 128
202 127
203 130
204 138
205 125
206 130
207 127
208 129
209 128
210 133
211 129
212 132
213 141
214 135
215 132
216 132
217 130
218 134
219 128
220 130
221 140
222 138
223 132
224 131
225 139
226 133
227 132
228 131
229 133
230 141
231 129
232 131
233 132
234 138
235 136
236 136
237 137
238 131
239 131
240 134
241 130
242 131
243 131
244 127
245 130
246 131
247 127
248 130
249 133
250 128
251 131
252 129
253 131
254 131
255 129
256 130
257 131
258 145
259 140
260 140
261 140
262 138
263 137
264 127
265 130
266 129
267 131
268 130
269 143
270 130
271 127
272 138
273 142
274 131
275 128
276 131
277 129
278 127
279 126
280 128
281 127
282 138
283 131
284 128
285 129
286 128
287 129
288 134
289 127
1 273
2 305
3 430
4 554
5 716
6 690
7 579
8 536
9 414
10 277
11 266
12 401
13 411
14 280
15 403
16 399
17 417
18 529
19 271
20 405
21 401
22 418
23 418
24 422
25 423
26 415
27 418
28 420
29 276
30 561
31 424
32 419
33 423
34 422
35 418
36 559
37 419
38 422
39 413
40 542
41 404
42 418
43 281
44 423
45 420
46 269
47 406
48 271
49 529
50 528
51 403
52 407
53 537
54 558
55 551
56 536
57 542
58 393
59 524
60 546
61 399
62 406
63 401
64 276
65 386
66 401
67 261
68 526
69 394
70 264
71 132
72 266
73 277
74 262
75 263
76 129
77 263
78 134
79 278
80 259
81 257
82 129
83 262
84 258
85 387
86 266
87 253
88 267
89 254
90 258
91 406
92 266
93 385
94 127
95 263
96 256
97 259
98 256
99 265
100 391
101 260
102 392
103 254
104 255
105 380
106 393
107 375
108 376
109 384
110 374
111 276
112 391
113 258
114 269
115 260
116 397
117 127
118 260
119 271
120 250
121 253
122 268
123 135
124 258
125 256
126 132
127 134
128 258
129 124
130 125
131 123
132 126
133 125
134 125
135 255
136 246
137 249
138 251
139 124
140 246
141 257
142 251
143 249
144 249
145 259
146 121
147 256
148 130
149 128
150 126
151 138
152 132
153 131
154 133
155 135
156 146
157 134
158 131
159 124
160 125
161 125
162 127
163 127
164 127
165 123
166 127
167 137
168 120
169 123
170 128
171 132
172 126
173 126
174 125
175 124
176 124
177 123
178 128
179 125
180 122
181 122
182 126
183 127
1 275
2 314
3 433
4 541
5 807
6 568
7 702
8 414
9 520
10 286
11 271
12 403
13 279
14 401
15 270
16 402
17 266
18 402
19 396
20 407
21 415
22 401
23 274
24 544
25 418
26 434
27 428
28 404
29 282
30 411
31 544
32 409
33 409
34 522
35 399
36 403
37 548
38 414
39 397
40 399
41 531
42 540
43 436
44 419
45 537
46 406
47 529
48 524
49 535
50 516
51 521
52 549
53 519
54 532
55 659
56 669
57 544
58 396
59 531
60 398
61 279
62 398
63 394
64 396
65 396
66 533
67 408
68 392
69 270
70 279
71 289
72 134
73 268
74 130
75 398
76 129
77 262
78 134
79 131
80 137
81 263
82 138
83 265
84 132
85 279
86 136
87 143
88 133
89 277
90 137
91 151
92 137
93 262
94 131
95 132
96 260
97 126
98 248
99 122
100 254
101 254
102 265
103 261
104 124
105 251
106 125
107 126
108 126
109 249
110 130
111 125
112 256
113 133
114 254
115 124
116 254
117 254
118 132
119 132
120 133
121 132
122 130
123 129
124 127
125 129
126 132
127 135
128 264
129 134
130 137
131 135
132 134
133 135
134 136
135 136
136 135
137 141
138 134
139 128
140 139
141 130
142 130
143 131
144 127
145 127
146 132
147 128
148 126
149 127
150 129
151 129
152 129
153 130
154 130
155 122
156 125
157 124
158 126
159 124
160 126
161 248
162 121
163 127
164 118
165 121
166 120
167 113
168 119
169 121
170 120
171 122
172 121
173 118
174 117
175 128
176 126
177 128
178 129
1 287
2 325
3 293
4 568
5 781
6 671
7 677
8 421
9 413
10 409
11 405
12 274
13 400
14 412
15 270
16 404
17 406
18 546
19 412
20 277
21 413
22 415
23 434
24 408
25 554
26 409
27 407
28 411
29 410
30 566
31 421
32 563
33 572
34 444
35 573
36 288
37 432
38 408
39 272
40 406
41 409
42 401
43 412
44 568
45 285
46 566
47 425
48 572
49 423
50 545
51 406
52 570
53 407
54 552
55 552
56 552
57 410
58 540
59 395
60 542
61 412
62 400
63 432
64 408
65 400
66 567
67 417
68 440
69 424
70 561
71 412
72 412
73 406
74 405
75 267
76 262
77 394
78 267
79 263
80 269
81 276
82 268
83 272
84 141
85 289
86 272
87 274
88 268
89 275
90 269
91 258
92 268
93 139
94 128
95 272
96 142
97 139
98 265
99 138
100 133
101 127
102 131
103 139
104 132
105 129
106 133
107 128
108 264
109 254
110 252
111 127
112 259
113 243
114 138
115 251
116 126
117 256
118 125
119 131
120 135
121 120
122 127
123 130
124 125
125 134
126 121
127 120
128 123
129 132
130 122
131 125
132 122
133 133
134 123
135 123
136 123
137 125
138 124
139 128
140 122
141 126
142 125
143 135
144 124
145 125
146 125
147 126
148 133
149 125
150 135
151 125
152 127
153 124
154 123
155 126
156 134
157 125
158 127
159 131
160 139
161 136
162 128
163 140
164 129
165 136
166 131
167 129
168 131
169 135
170 131
171 133
172 129
173 130
174 140
175 132
176 137
177 124
178 128
179 132
180 128
181 131
182 131
183 122
184 127
185 129
186 124
187 131
188 136
189 139
190 140
191 129
192 127
193 132
194 129
195 137
196 132
1 286
2 307
3 282
4 568
5 826
6 672
7 538
8 545
9 411
10 419
11 283
12 290
13 412
14 400
15 416
16 400
17 403
18 416
19 270
20 414
21 280
22 425
23 428
24 292
25 563
26 290
27 425
28 283
29 421
30 268
31 288
32 405
33 418
34 409
35 280
36 407
37 271
38 519
39 389
40 409
41 275
42 556
43 432
44 430
45 418
46 532
47 540
48 392
49 406
50 389
51 401
52 400
53 405
54 532
55 411
56 543
57 419
58 568
59 414
60 421
61 534
62 533
63 391
64 388
65 394
66 389
67 405
68 271
69 393
70 398
71 391
72 526
73 402
74 419
75 266
76 261
77 386
78 255
79 254
80 129
81 263
82 257
83 264
84 142
85 262
86 139
87 272
88 129
89 130
90 263
91 141
92 395
93 132
94 264
95 143
96 264
97 285
98 260
99 272
100 253
101 377
102 255
103 255
104 244
105 249
106 249
107 252
108 257
109 250
110 245
111 246
112 126
113 287
114 135
115 126
116 272
117 131
118 268
119 129
120 265
121 129
122 134
123 258
124 129
125 127
126 259
127 144
128 132
129 135
130 129
131 136
132 136
133 137
134 252
135 122
136 253
137 127
138 258
139 126
140 259
141 253
142 138
143 134
144 120
145 117
146 124
147 122
148 123
149 121
150 130
151 241
152 124
153 253
154 126
155 123
156 269
157 130
158 123
159 121
160 124
161 247
162 121
163 123
164 241
165 121
166 120
167 252
168 119
169 239
170 124
171 120
172 244
173 122
174 244
175 122
176 254
177 124
178 245
179 123
180 129
181 125
182 136
183 118
184 126
185 118
186 122
187 122
188 119
189 123
190 120
191 124
192 119
193 122
194 121
195 123
196 126
197 122
198 120
199 122
200 131
201 257
202 243
203 121
204 130
205 248
206 137
207 125
208 125
209 131
210 132
211 124
212 122
213 134
214 125
215 143
216 138
217 123
218 128
219 136
220 137
221 128
222 130
223 127
224 131
225 129
226 138
227 132
228 137
229 131
230 136
231 133
232 133
233 136
234 136
235 136
236 135
237 136
238 137
239 138
240 135
1 275
2 293
3 456
4 433
5 706
6 704
7 678
8 525
9 389
10 422
11 278
12 271
13 406
14 401
15 539
16 415
17 276
18 408
19 428
20 415
21 420
22 413
23 268
24 401
25 277
26 563
27 408
28 410
29 414
30 409
31 408
32 405
33 424
34 399
35 528
36 395
37 530
38 407
39 403
40 405
41 425
42 413
43 407
44 448
45 427
46 422
47 424
48 565
49 295
50 425
51 432
52 422
53 411
54 411
55 407
56 536
57 416
58 542
59 409
60 283
61 396
62 402
63 423
64 281
65 409
66 268
67 270
68 278
69 279
70 264
71 270
72 272
73 275
74 268
75 266
76 402
77 276
78 277
79 134
80 273
81 137
82 142
83 269
84 133
85 134
86 132
87 134
88 265
89 134
90 138
91 266
92 132
93 267
94 133
95 134
96 271
97 132
98 134
99 129
100 134
101 259
102 125
103 254
104 261
105 137
106 126
107 128
108 127
109 247
110 247
111 271
112 370
113 122
114 248
115 256
116 272
117 127
118 253
119 247
120 135
121 248
122 249
123 127
124 244
125 265
126 267
127 257
128 130
129 261
130 129
131 130
132 252
133 257
134 248
135 255
136 120
137 255
138 348
139 236
140 243
141 237
142 117
143 237
144 120
145 248
146 128
147 122
148 115
149 239
150 124
151 129
152 130
153 125
154 120
155 131
156 119
157 122
158 134
159 121
160 124
161 123
162 135
163 132
164 123
165 123
166 135
167 134
168 138
169 124
170 120
171 123
172 126
173 131
174 121
175 147
176 124
177 127
178 123
179 124
180 123
181 121
182 124
183 129
184 132
185 120
1 279
2 287
3 421
4 427
5 694
6 669
7 661
8 537
9 398
10 419
11 268
12 275
13 281
14 414
15 262
16 270
17 396
18 399
19 407
20 267
21 429
22 569
23 442
24 438
25 565
26 300
27 406
28 413
29 429
30 419
31 415
32 406
33 269
34 276
35 422
36 274
37 275
38 393
39 407
40 417
41 562
42 411
43 411
44 273
45 415
46 412
47 566
48 542
49 399
50 530
51 404
52 402
53 393
54 546
55 524
56 515
57 396
58 512
59 394
60 520
61 391
62 525
63 400
64 388
65 403
66 402
67 266
68 402
69 276
70 134
71 266
72 263
73 281
74 262
75 129
76 275
77 131
78 273
79 136
80 140
81 262
82 128
83 254
84 133
85 124
86 138
87 259
88 136
89 132
90 134
91 131
92 131
93 135
94 143
95 145
96 142
97 137
98 136
99 136
100 132
101 128
102 130
103 138
104 132
105 127
106 125
107 128
108 136
109 126
110 136
111 126
112 126
113 132
114 127
115 123
116 120
117 132
118 132
119 374
120 247
121 251
122 260
123 264
124 125
125 266
126 264
127 262
128 252
129 385
130 256
131 260
132 253
133 244
134 249
135 137
136 127
137 252
138 126
139 127
140 129
141 258
142 127
143 124
144 251
145 134
146 129
147 257
148 256
149 262
150 261
151 264
152 279
153 268
154 131
155 289
156 135
157 132
158 268
159 135
160 283
161 134
162 135
163 135
164 144
165 269
166 133
167 134
168 279
169 129
170 257
171 138
172 127
173 127
174 254
175 278
176 140
177 135
178 268
179 137
180 126
181 130
182 129
183 129
184 131
185 127
186 135
187 139
188 265
189 127
190 128
191 134
192 128
193 127
194 126
195 128
196 126
197 140
198 128
199 130
200 124
201 124
1 277
2 302
3 285
4 570
5 703
6 567
7 562
8 553
9 419
10 442
11 152
12 290
13 288
14 286
15 286
16 295
17 431
18 149
19 419
20 266
21 280
22 406
23 401
24 406
25 272
26 406
27 419
28 284
29 405
30 274
31 404
32 404
33 406
34 424
35 427
36 269
37 433
38 440
39 419
40 413
41 410
42 430
43 436
44 420
45 439
46 434
47 301
48 437
49 300
50 442
51 428
52 286
53 426
54 281
55 294
56 283
57 431
58 411
59 271
60 417
61 422
62 561
63 429
64 289
65 408
66 418
67 281
68 451
69 144
70 294
71 279
72 136
73 268
74 266
75 269
76 262
77 270
78 129
79 283
80 133
81 139
82 141
83 136
84 133
85 136
86 279
87 144
88 143
89 129
90 138
91 132
92 130
93 126
94 130
95 130
96 266
97 129
98 128
99 130
100 125
101 136
102 126
103 127
104 128
105 134
106 135
107 138
108 130
109 128
110 130
111 125
112 257
113 260
114 269
115 140
116 260
117 127
118 262
119 131
120 131
121 263
122 132
123 142
124 274
125 130
126 262
127 132
128 261
129 264
130 388
131 264
132 389
133 256
134 255
135 254
136 271
137 135
138 272
139 386
140 267
141 263
142 261
143 131
144 280
145 128
146 275
147 285
148 132
149 283
150 269
151 258
152 275
153 260
154 264
155 267
156 263
157 259
158 258
159 262
160 277
161 134
162 149
163 142
164 134
165 138
166 134
167 136
168 138
169 273
170 143
171 138
172 135
173 281
174 136
175 139
176 149
177 133
178 280
179 137
180 283
181 136
182 135
183 136
184 133
185 140
186 137
187 137
188 135
189 146
190 141
191 147
192 149
193 138
194 136
195 133
196 143
197 139
198 144
199 143
200 141
201 137
202 135
203 144
204 137
205 139
206 138
207 136
208 141
1 276
2 305
3 298
4 568
5 577
6 672
7 529
8 674
9 405
10 279
11 273
12 282
13 422
14 279
15 414
16 282
17 275
18 534
19 413
20 408
21 401
22 412
23 415
24 415
25 423
26 547
27 407
28 537
29 423
30 411
31 424
32 406
33 417
34 413
35 273
36 545
37 410
38 418
39 410
40 406
41 546
42 404
43 431
44 436
45 430
46 410
47 421
48 585
49 274
50 414
51 413
52 407
53 409
54 404
55 427
56 419
57 400
58 405
59 526
60 412
61 558
62 413
63 411
64 426
65 289
66 432
67 435
68 417
69 277
70 297
71 416
72 438
73 281
74 271
75 421
76 279
77 285
78 278
79 134
80 267
81 412
82 405
83 280
84 261
85 274
86 267
87 133
88 279
89 133
90 143
91 269
92 134
93 131
94 133
95 136
96 267
97 135
98 136
99 271
100 133
101 127
102 131
103 131
104 262
105 134
106 134
107 133
108 137
109 126
110 129
111 130
112 128
113 130
114 129
115 129
116 129
117 137
118 128
119 123
120 125
121 258
122 269
123 135
124 251
125 127
126 126
127 125
128 129
129 130
130 137
131 136
132 140
133 130
134 259
135 137
136 127
137 135
138 281
139 135
140 146
141 285
142 141
143 136
144 135
145 148
146 143
147 154
148 136
149 151
150 149
151 137
152 139
153 140
154 136
155 139
156 134
157 139
158 148
159 308
160 154
161 152
162 154
163 138
164 277
165 153
166 131
167 269
168 150
169 268
170 128
171 251
172 148
173 130
174 123
175 131
176 131
177 256
178 126
179 126
180 256
181 125
182 126
183 130
184 125
185 123
186 122
187 256
188 125
189 126
190 134
191 119
192 123
193 246
194 123
195 133
196 266
197 120
198 135
199 120
200 134
201 122
202 123
203 124
204 121
205 118
206 120
207 135
208 124
209 124
210 126
211 127
212 124
213 133
214 134
215 130
216 127
1 276
2 151
3 435
4 689
5 552
6 679
7 539
8 533
9 269
10 401
11 281
12 402
13 443
14 283
15 282
16 434
17 440
18 408
19 277
20 407
21 418
22 406
23 408
24 553
25 426
26 426
27 277
28 281
29 415
30 277
31 425
32 275
33 276
34 275
35 283
36 275
37 293
38 272
39 405
40 286
41 406
42 404
43 399
44 404
45 531
46 264
47 401
48 405
49 268
50 406
51 398
52 267
53 418
54 554
55 406
56 410
57 410
58 533
59 389
60 390
61 392
62 274
63 534
64 409
65 396
66 266
67 399
68 280
69 266
70 261
71 130
72 280
73 270
74 134
75 281
76 273
77 267
78 139
79 276
80 140
81 133
82 131
83 130
84 132
85 139
86 264
87 137
88 129
89 263
90 126
91 128
92 269
93 130
94 262
95 124
96 254
97 137
98 128
99 274
100 143
101 271
102 253
103 260
104 269
105 130
106 255
107 131
108 278
109 131
110 262
111 257
112 132
113 261
114 267
115 255
116 260
117 269
118 129
119 127
120 258
121 258
122 269
123 286
124 127
125 268
126 129
127 126
128 257
129 261
130 386
131 129
132 264
133 129
134 138
135 131
136 133
137 130
138 265
139 128
140 143
141 133
142 129
143 129
144 134
145 129
146 134
147 132
148 130
149 130
150 140
151 137
152 137
153 137
154 132
155 132
156 132
157 131
158 126
159 127
160 127
161 137
162 135
163 130
