1 594
2 935
3 1331
4 1827
5 2290
6 1962
7 1730
8 1666
9 1381
10 1242
11 1327
12 1359
13 1228
14 1113
15 900
16 970
17 1070
18 739
19 672
20 752
21 413
22 500
23 425
24 575
25 421
26 595
27 580
28 500
29 578
30 505
31 330
32 332
33 405
34 422
35 336
36 171
37 171
38 253
1 597
2 858
3 1212
4 1816
5 2257
6 1957
7 1878
8 1877
9 1513
10 1311
11 1236
12 1341
13 1041
14 1114
15 868
16 887
17 732
18 497
19 575
20 563
21 488
22 326
23 238
1 592
2 884
3 1356
4 1845
5 2318
6 1965
7 1975
8 1741
9 1715
10 1654
11 1063
12 1135
13 855
14 690
15 694
16 468
17 467
18 554
19 478
20 558
21 535
22 466
23 553
24 463
25 461
26 471
27 156
28 163
1 594
2 901
3 1416
4 1891
5 2246
6 2148
7 1935
8 1952
9 1522
10 1129
11 1373
12 1220
13 1293
14 1001
15 905
16 771
17 1011
18 700
19 625
20 805
21 782
22 869
23 624
24 561
25 398
26 709
27 566
28 646
29 643
30 639
31 410
32 165
33 165
1 583
2 960
3 1418
4 1769
5 2318
6 1958
7 2032
8 1862
9 1687
10 1640
11 1341
12 1368
13 1080
14 771
15 619
16 545
17 542
18 707
19 703
20 630
21 705
22 486
23 403
24 401
25 421
26 314
27 250
28 154
1 621
2 855
3 1441
4 1777
5 2325
6 2104
7 2000
8 1812
9 1837
10 1485
11 1337
12 1339
13 1354
14 1248
15 1160
16 1326
17 1248
18 998
19 909
20 845
21 619
22 313
23 320
1 560
2 1026
3 1387
4 1893
5 2241
6 1739
7 1435
8 1173
9 580
10 622
11 630
12 793
13 787
14 779
15 656
16 831
17 930
18 1015
19 1198
20 941
21 838
22 818
23 679
24 505
25 580
26 677
27 597
28 509
29 495
30 422
31 171
32 167
1 621
2 860
3 1441
4 1795
5 2275
6 2042
7 2041
8 1866
9 1710
10 1521
11 1500
12 1351
13 1128
14 972
15 765
16 538
17 543
18 691
19 537
20 536
21 399
22 612
23 630
24 465
25 470
26 547
27 464
28 608
29 563
30 397
31 460
32 406
33 326
34 475
35 648
36 556
37 415
38 405
39 318
40 391
41 246
42 248
43 256
1 581
2 947
3 1317
4 1890
5 2210
6 2095
7 1883
8 1903
9 1732
10 1526
11 1469
12 1462
13 1338
14 1091
15 788
16 639
17 711
18 630
19 655
20 401
21 479
22 484
23 557
24 1012
25 623
26 556
27 472
28 464
29 397
30 317
31 234
32 325
33 240
34 162
1 573
2 942
3 1390
4 1821
5 2293
6 2020
7 2006
8 1944
9 1761
10 1500
11 1347
12 1392
13 954
14 945
15 871
16 733
17 570
18 653
19 649
20 396
21 402
22 408
23 486
24 400
25 331
26 320
27 251
1 585
2 806
3 1384
4 1770
5 2167
6 1929
7 1014
8 1025
9 1059
10 876
11 960
12 889
13 830
14 1225
15 1404
16 992
17 987
18 1047
19 703
20 783
21 971
22 880
23 959
24 877
25 709
26 605
27 538
28 518
29 431
30 354
31 261
32 336
33 434
34 432
35 516
36 427
37 166
38 344
39 618
40 593
41 359
42 435
43 261
44 260
45 265
1 442
2 833
3 1050
4 1387
5 1596
6 1252
7 1043
8 717
9 516
10 535
11 481
12 485
13 568
14 483
15 405
16 330
17 567
18 865
19 705
20 794
21 1180
22 717
23 727
24 819
25 808
26 707
27 525
28 273
29 261
30 349
31 272
32 448
33 452
34 267
35 185
36 270
37 265
38 178
39 178
40 184
1 454
2 750
3 1122
4 1462
5 1679
6 1519
7 1377
8 1328
9 1412
10 1371
11 1224
12 956
13 790
14 1025
15 955
16 646
17 547
18 552
19 488
20 564
21 632
22 554
23 544
24 403
25 401
26 405
27 397
28 557
29 479
30 326
31 402
32 406
33 330
34 315
35 326
36 249
37 335
38 326
39 327
40 334
41 336
42 320
43 261
44 329
45 512
46 417
47 423
48 330
49 262
50 169
51 256
52 179
1 510
2 695
3 1057
4 1384
5 1656
6 1597
7 1387
8 1483
9 1495
10 1209
11 1134
12 1235
13 1107
14 1197
15 970
16 979
17 882
18 822
19 740
20 657
21 578
22 669
23 819
24 830
25 750
26 589
27 511
28 511
29 332
30 596
31 403
32 422
33 487
34 332
35 413
36 412
37 339
38 175
39 173
1 496
2 673
3 1105
4 1450
5 1725
6 1503
7 1443
8 1601
9 1281
10 1298
11 1488
12 1229
13 1286
14 1180
15 1177
16 795
17 801
18 798
19 727
20 635
21 716
22 485
23 497
24 506
25 408
26 483
27 490
28 419
29 501
30 494
31 498
32 431
33 410
34 417
35 329
36 333
37 248
38 257
39 166
1 503
2 653
3 1119
4 1398
5 1656
6 1511
7 1542
8 1440
9 1634
10 1338
11 1233
12 1384
13 1030
14 958
15 1027
16 789
17 863
18 714
19 718
20 733
21 643
22 718
23 661
24 477
25 673
26 663
27 581
28 742
29 415
30 497
31 590
32 599
33 586
34 506
35 581
36 674
37 429
38 338
39 265
40 353
41 343
42 256
43 86
44 348
45 174
46 181
47 254
48 82
1 500
2 661
3 1046
4 1408
5 1612
6 1576
7 1457
8 1452
9 1398
10 1398
11 1270
12 1225
13 1155
14 1250
15 1114
16 1059
17 785
18 781
19 649
20 821
21 743
22 651
23 498
24 411
25 425
26 413
27 478
28 487
29 551
30 326
31 401
32 343
33 252
34 250
35 253
36 243
37 344
38 162
39 252
40 170
41 244
42 161
43 244
44 326
45 256
46 330
47 246
48 258
49 411
50 494
51 501
52 414
53 417
54 254
55 428
56 502
57 509
58 327
59 331
60 175
61 168
62 77
63 88
64 174
65 84
66 171
1 504
2 737
3 1050
4 1394
5 1669
6 1565
7 1546
8 1549
9 1630
10 1217
11 1182
12 1218
13 1137
14 1147
15 1073
16 972
17 918
18 984
19 666
20 735
21 747
22 741
23 740
24 580
25 582
26 426
27 416
28 499
29 345
30 419
31 255
32 509
33 666
34 675
35 651
36 658
37 514
38 417
39 498
40 402
41 341
42 413
43 341
44 326
45 342
46 264
47 173
48 338
49 254
50 166
51 170
52 182
53 174
54 255
55 83
1 506
2 659
3 1142
4 1409
5 1579
6 1481
7 1165
8 743
9 444
10 386
11 323
12 410
13 321
14 399
15 319
16 400
17 403
18 343
19 450
20 353
21 344
22 439
23 368
24 359
25 431
26 357
27 457
28 446
29 441
30 624
31 707
32 979
33 619
34 539
35 536
36 262
37 183
38 253
39 355
40 607
41 530
42 620
43 445
44 439
45 356
46 277
47 266
48 256
49 184
50 280
1 512
2 667
3 1122
4 1343
5 1725
6 1659
7 1531
8 1541
9 1435
10 1265
11 1419
12 1104
13 1200
14 1149
15 1077
16 1081
17 739
18 676
19 589
20 591
21 576
22 572
23 497
24 405
25 251
26 248
27 241
28 247
29 257
30 170
31 250
32 165
33 254
34 336
35 168
36 159
37 246
38 171
39 172
40 254
41 326
42 248
43 339
44 255
45 417
46 341
47 423
48 502
49 586
50 339
51 418
52 503
53 350
54 171
55 179
56 179
57 87
58 87
59 268
1 503
2 690
3 985
4 1435
5 1727
6 1367
7 1351
8 1516
9 1452
10 1556
11 1277
12 1235
13 1193
14 1094
15 958
16 786
17 612
18 682
19 689
20 683
21 430
22 591
23 498
24 514
25 429
26 495
27 430
28 333
29 325
30 257
31 258
32 337
33 666
34 584
35 586
36 342
37 350
38 249
39 260
40 177
41 86
1 445
2 751
3 1157
4 1369
5 1795
6 1431
7 1037
8 918
9 869
10 671
11 670
12 756
13 720
14 639
15 634
16 828
17 1019
18 1376
19 1103
20 815
21 732
22 630
23 540
24 650
25 652
26 559
27 550
28 464
29 374
30 280
31 556
32 637
33 453
34 460
35 439
36 372
37 358
38 353
39 455
40 357
41 353
42 272
43 264
44 336
45 259
46 265
47 252
48 166
49 85
1 461
2 770
3 972
4 1431
5 1699
6 1550
7 1625
8 1417
9 1384
10 1232
11 1180
12 1031
13 1041
14 1166
15 1156
16 1101
17 826
18 845
19 932
20 683
21 592
22 588
23 521
24 517
25 336
26 437
27 424
28 427
29 434
30 353
31 416
32 431
33 519
34 346
35 435
36 527
37 345
38 519
39 433
40 351
41 258
42 349
43 420
44 341
45 263
46 262
47 264
48 178
49 172
50 83
1 386
2 621
3 955
4 1148
5 1363
6 1137
7 1155
8 1069
9 1105
10 1094
11 1126
12 1032
13 846
14 942
15 753
16 938
17 951
18 851
19 777
20 689
21 608
22 703
23 520
24 439
25 436
26 778
27 700
28 681
29 798
30 696
31 542
32 538
33 548
34 554
35 532
36 459
37 279
38 274
39 283
40 361
41 348
42 276
43 180
44 275
45 277
46 194
47 92
48 180
49 182
50 191
51 269
52 273
53 365
54 182
55 276
56 282
57 357
58 278
59 362
60 275
61 282
62 267
63 276
64 281
65 270
66 289
67 182
68 93
69 94
1 453
2 550
3 914
4 1152
5 1337
6 1059
7 1157
8 1363
9 1093
10 1207
11 1133
12 923
13 1083
14 1029
15 947
16 936
17 866
18 772
19 601
20 505
21 688
22 710
23 683
24 585
25 423
26 523
27 522
28 605
29 445
30 436
31 344
32 416
33 273
34 175
35 277
36 264
37 437
38 440
39 433
40 342
41 348
42 361
43 263
44 272
45 263
46 362
47 278
48 349
49 346
50 89
51 179
52 181
53 90
54 264
1 454
2 553
3 857
4 1217
5 1320
6 1190
7 1214
8 1175
9 1279
10 1350
11 970
12 984
13 1171
14 1015
15 1036
16 1024
17 936
18 768
19 765
20 528
21 524
22 512
23 688
24 678
25 584
26 587
27 619
28 701
29 432
30 273
31 348
32 442
33 270
34 272
35 272
36 265
37 185
38 427
39 360
40 267
41 278
42 263
43 259
44 358
45 182
46 180
47 266
48 174
49 178
50 262
51 271
52 176
53 178
54 180
55 260
56 254
57 258
58 257
59 259
60 176
61 169
62 180
63 176
1 462
2 615
3 859
4 1191
5 1402
6 1228
7 1205
8 1098
9 1095
10 1043
11 1128
12 995
13 765
14 926
15 933
16 1101
17 1036
18 766
19 703
20 678
21 683
22 692
23 601
24 613
25 526
26 437
27 430
28 345
29 515
30 512
31 509
32 350
33 439
34 439
35 535
36 444
37 787
38 721
39 361
40 365
41 350
42 368
43 274
44 361
45 189
46 279
47 470
48 378
49 273
50 373
51 182
52 368
53 275
54 270
55 192
56 259
57 185
58 275
59 184
60 98
61 170
62 184
63 92
64 95
1 391
2 651
3 970
4 1090
5 1368
6 1290
7 1149
8 1244
9 1281
10 1222
11 1084
12 1182
13 944
14 871
15 956
16 1068
17 974
18 626
19 636
20 631
21 446
22 542
23 270
24 346
25 431
26 603
27 436
28 540
29 540
30 270
31 355
32 273
33 272
34 188
35 276
36 266
37 364
38 288
39 289
40 291
41 275
42 373
43 178
44 366
45 373
46 373
47 471
48 470
49 279
50 277
51 389
52 381
53 283
54 284
55 288
56 274
57 274
58 269
59 273
60 194
61 282
62 99
63 190
64 191
65 101
66 98
67 194
1 405
2 642
3 962
4 1159
5 1375
6 1241
7 1064
8 1234
9 1138
10 1030
11 1060
12 829
13 1006
14 860
15 773
16 1028
17 855
18 787
19 684
20 619
21 618
22 623
23 524
24 607
25 532
26 511
27 522
28 639
29 525
30 548
31 632
32 727
33 653
34 554
35 466
36 453
37 281
38 283
39 283
40 371
41 282
42 295
43 372
44 281
45 280
46 285
47 186
48 281
49 180
50 92
1 433
2 645
3 861
4 1217
5 1442
6 1212
7 1144
8 1217
9 1173
10 1152
11 1251
12 1094
13 1202
14 1026
15 954
16 960
17 1059
18 1050
19 1037
20 711
21 699
22 787
23 693
24 690
25 779
26 859
27 773
28 444
29 589
30 707
31 714
32 811
33 615
34 460
35 455
36 364
37 453
38 458
39 364
40 373
41 360
42 377
43 628
44 649
45 646
46 449
47 456
48 460
49 367
50 179
51 183
52 184
53 89
1 450
2 545
3 955
4 1160
5 1453
6 1203
7 1163
8 1008
9 1207
10 1151
11 1124
12 1177
13 1086
14 1020
15 1123
16 1040
17 1045
18 1034
19 1059
20 974
21 861
22 886
23 692
24 621
25 537
26 529
27 610
28 521
29 613
30 616
31 617
32 442
33 541
34 524
35 626
36 797
37 625
38 361
39 368
40 176
41 277
42 362
43 455
44 269
45 367
46 364
47 370
48 281
49 189
50 95
51 187
52 283
53 278
54 193
55 184
56 191
57 186
58 187
59 187
60 188
61 193
62 185
63 289
64 187
65 374
66 372
67 459
68 353
69 277
70 260
71 277
72 280
73 271
74 268
75 183
76 362
77 277
78 176
79 285
80 267
81 365
82 274
83 367
84 361
85 370
86 275
87 368
88 369
89 267
90 282
91 357
92 275
93 276
94 193
95 188
96 187
97 279
98 182
99 200
100 93
101 89
102 88
103 90
104 182
1 449
2 629
3 873
4 1187
5 1408
6 1227
7 1159
8 1092
9 1203
10 1193
11 1258
12 1029
13 1190
14 1107
15 1054
16 1043
17 1058
18 886
19 1067
20 879
21 726
22 506
23 522
24 506
25 435
26 454
27 523
28 426
29 351
30 427
31 355
32 349
33 537
34 348
35 440
36 442
37 451
38 450
39 273
40 262
41 276
42 188
43 265
44 351
45 365
46 373
47 474
48 460
49 283
50 282
51 185
52 183
53 189
54 185
55 183
56 189
57 275
58 371
59 375
60 546
61 633
62 623
63 627
64 545
65 464
66 539
67 371
68 378
69 376
70 190
71 388
72 191
73 380
74 562
75 382
76 460
77 466
78 351
79 278
80 188
81 184
82 190
83 274
84 371
85 183
86 183
87 184
88 184
89 281
90 367
91 280
92 359
93 364
94 455
95 279
96 371
97 278
98 354
99 268
100 276
101 280
102 375
103 185
104 270
105 191
106 185
107 94
108 191
109 90
110 186
111 184
112 183
113 178
114 181
1 389
2 664
3 888
4 1161
5 1421
6 1269
7 1128
8 1191
9 1246
10 909
11 1059
12 1067
13 1159
14 1088
15 825
16 918
17 954
18 741
19 1114
20 825
21 907
22 808
23 715
24 810
25 702
26 795
27 709
28 615
29 563
30 456
31 457
32 458
33 365
34 529
35 378
36 464
37 371
38 472
39 369
40 375
41 457
42 368
43 373
44 276
45 275
46 189
47 279
48 275
49 366
50 284
51 356
52 195
53 368
54 186
55 191
56 282
57 195
58 277
59 480
60 279
61 279
62 374
63 292
64 360
65 384
66 492
67 478
68 297
69 295
70 101
71 191
72 197
73 289
74 276
75 194
76 193
77 196
78 199
79 199
80 96
81 288
82 188
83 196
84 96
85 96
86 100
1 405
2 662
3 901
4 1131
5 1438
6 1181
7 1183
8 1130
9 1081
10 1167
11 1122
12 1049
13 1164
14 1081
15 981
16 1083
17 997
18 1100
19 992
20 896
21 823
22 800
23 707
24 557
25 466
26 475
27 377
28 274
29 386
30 361
31 279
32 184
33 276
34 382
35 483
36 460
37 468
38 442
39 561
40 470
41 377
42 373
43 473
44 473
45 373
46 370
47 277
48 183
49 285
50 381
51 279
52 185
53 273
54 378
55 277
56 280
57 279
58 294
59 192
60 371
61 180
62 364
63 385
64 290
65 379
66 187
67 272
68 188
69 281
70 184
71 277
72 187
73 281
74 372
75 286
76 289
77 290
78 183
79 284
80 286
81 189
82 291
83 195
84 479
85 290
86 190
87 194
88 195
89 195
90 190
91 292
92 284
93 277
94 190
95 97
96 184
97 189
98 92
99 198
100 192
1 398
2 654
3 977
4 1151
5 1438
6 1159
7 1034
8 1038
9 845
10 604
11 615
12 552
13 480
14 488
15 590
16 678
17 558
18 567
19 565
20 568
21 561
22 572
23 586
24 582
25 666
26 658
27 758
28 943
29 748
30 756
31 582
32 482
33 494
34 493
35 491
36 380
37 295
38 486
39 383
40 389
41 300
42 292
43 195
44 200
45 197
46 393
47 200
48 393
49 390
50 204
51 384
52 291
53 290
54 288
55 284
56 376
57 391
58 379
59 292
60 290
61 193
62 291
63 199
64 101
65 190
66 195
67 196
1 408
2 493
3 822
4 1052
5 1141
6 654
7 572
8 476
9 494
10 413
11 411
12 411
13 458
14 352
15 529
16 456
17 496
18 406
19 611
20 405
21 512
22 387
23 489
24 395
25 391
26 505
27 486
28 387
29 598
30 484
31 488
32 494
33 596
34 389
35 379
36 395
37 393
38 483
39 686
40 596
41 764
42 696
43 684
44 701
45 589
46 587
47 472
48 481
49 396
50 484
51 405
52 393
53 390
54 294
55 407
56 401
57 397
58 387
59 368
60 289
61 194
62 203
63 187
64 199
65 193
66 100
1 394
2 500
3 895
4 984
5 1222
6 894
7 714
8 561
9 492
10 417
11 354
12 453
13 348
14 365
15 364
16 460
17 591
18 607
19 895
20 1103
21 780
22 598
23 498
24 510
25 501
26 388
27 406
28 398
29 481
30 499
31 492
32 695
33 991
34 783
35 604
36 588
37 567
38 503
39 496
40 398
41 383
42 491
43 688
44 592
45 705
46 568
47 506
48 388
49 483
50 297
51 310
52 202
53 197
54 103
55 185
56 103
1 393
2 511
3 823
4 984
5 1235
6 990
7 881
8 1050
9 850
10 1010
11 1027
12 1057
13 908
14 933
15 1137
16 933
17 845
18 753
19 947
20 943
21 768
22 842
23 849
24 666
25 560
26 374
27 384
28 468
29 466
30 467
31 651
32 469
33 557
34 465
35 569
36 477
37 375
38 476
39 376
40 287
41 299
42 388
43 400
44 376
45 283
46 208
47 190
48 384
49 193
50 196
51 197
52 295
53 291
54 200
55 295
56 291
57 199
58 197
59 97
60 91
61 93
1 410
2 441
3 846
4 1024
5 1275
6 918
7 936
8 1010
9 1023
10 973
11 883
12 1013
13 927
14 918
15 932
16 933
17 1035
18 860
19 752
20 849
21 948
22 843
23 744
24 653
25 668
26 568
27 571
28 579
29 474
30 478
31 456
32 470
33 583
34 670
35 490
36 473
37 571
38 578
39 506
40 395
41 398
42 393
43 392
44 200
45 303
46 305
47 199
48 391
49 105
50 197
51 200
52 216
53 211
54 209
55 201
56 309
57 209
58 201
59 289
60 288
61 312
62 201
63 202
64 198
65 201
66 202
67 192
68 203
69 201
70 200
71 290
72 294
73 99
74 192
75 101
76 201
77 98
78 198
79 100
80 111
81 101
82 202
83 95
84 207
85 107
86 112
87 96
88 208
89 212
90 213
91 102
92 105
93 98
94 110
95 103
96 205
97 111
98 100
99 101
100 96
101 97
1 379
2 521
3 845
4 1079
5 1249
6 975
7 1005
8 998
9 909
10 936
11 977
12 823
13 932
14 922
15 844
16 1040
17 1125
18 870
19 768
20 863
21 948
22 759
23 754
24 777
25 773
26 679
27 692
28 688
29 584
30 494
31 511
32 585
33 597
34 493
35 661
36 572
37 374
38 301
39 399
40 290
41 385
42 401
43 395
44 311
45 295
46 301
47 410
48 300
49 396
50 373
51 494
52 411
53 304
54 402
55 492
56 399
57 386
58 296
59 196
60 196
61 294
62 314
63 301
64 194
65 204
66 301
67 192
68 103
69 204
70 208
71 292
72 188
73 210
74 89
75 199
76 200
77 101
78 99
1 401
2 522
3 683
4 1094
5 1177
6 1072
7 923
8 826
9 870
10 964
11 911
12 919
13 1021
14 1045
15 857
16 868
17 959
18 860
19 834
20 888
21 816
22 754
23 755
24 751
25 671
26 586
27 557
28 647
29 556
30 650
31 560
32 563
33 459
34 481
35 297
36 404
37 297
38 396
39 300
40 385
41 401
42 301
43 414
44 502
45 489
46 406
47 403
48 407
49 504
50 409
51 412
52 499
53 396
54 305
55 190
56 206
57 293
58 218
59 204
60 194
61 97
62 98
63 91
1 404
2 512
3 880
4 940
5 1190
6 924
7 916
8 983
9 1025
10 1135
11 978
12 1075
13 989
14 1013
15 940
16 947
17 876
18 888
19 981
20 858
21 784
22 681
23 597
24 581
25 398
26 291
27 379
28 395
29 396
30 377
31 379
32 300
33 288
34 379
35 383
36 398
37 289
38 567
39 394
40 408
41 303
42 296
43 386
44 309
45 394
46 305
47 301
48 303
49 309
50 198
51 198
52 304
53 203
54 199
55 194
56 98
57 197
58 100
59 103
60 103
61 97
1 401
2 520
3 769
4 1020
5 1193
6 1036
7 1020
8 1109
9 1112
10 1057
11 1084
12 1035
13 882
14 978
15 988
16 976
17 991
18 1062
19 871
20 879
21 784
22 788
23 583
24 482
25 501
26 500
27 390
28 602
29 502
30 601
31 504
32 482
33 398
34 387
35 492
36 394
37 298
38 385
39 391
40 405
41 502
42 512
43 295
44 301
45 304
46 199
47 196
48 397
49 412
50 304
51 403
52 201
53 202
54 208
55 199
56 109
57 204
58 105
59 104
60 197
61 102
62 210
63 304
64 109
65 194
66 208
67 292
68 201
69 309
70 197
71 314
72 209
73 202
74 102
75 199
76 212
77 211
78 112
79 98
80 216
81 104
1 397
2 531
3 803
4 1105
5 1102
6 751
7 658
8 584
9 427
10 498
11 430
12 445
13 460
14 469
15 461
16 374
17 512
18 504
19 424
20 633
21 426
22 427
23 528
24 705
25 830
26 699
27 830
28 939
29 821
30 903
31 935
32 825
33 743
34 630
35 510
36 525
37 425
38 506
39 407
40 533
41 441
42 615
43 512
44 427
45 308
46 315
47 210
48 197
49 213
50 211
51 105
52 207
1 345
2 548
3 714
4 1048
5 1218
6 958
7 861
8 955
9 1058
10 1093
11 946
12 896
13 988
14 931
15 804
16 1013
17 921
18 931
19 818
20 942
21 931
22 715
23 623
24 626
25 629
26 710
27 724
28 617
29 614
30 621
31 405
32 416
33 508
34 416
35 524
36 411
37 420
38 418
39 529
40 430
41 316
42 424
43 321
44 328
45 334
46 209
47 316
48 333
49 314
50 308
51 328
52 215
53 317
54 113
55 113
56 216
57 104
58 227
59 108
60 215
61 108
62 110
1 344
2 544
3 698
4 963
5 1112
6 975
7 994
8 977
9 982
10 938
11 1046
12 872
13 991
14 1078
15 892
16 807
17 899
18 909
19 907
20 906
21 889
22 817
23 608
24 808
25 703
26 677
27 707
28 609
29 507
30 607
31 406
32 315
33 397
34 204
35 213
36 210
37 206
38 207
39 315
40 297
41 205
42 206
43 312
44 215
45 206
46 108
47 411
48 512
49 520
50 315
51 412
52 503
53 416
54 404
55 316
56 320
57 525
58 419
59 416
60 433
61 323
62 337
63 212
64 213
65 119
66 217
67 211
68 318
69 332
70 218
71 226
72 231
73 321
74 444
75 339
76 226
77 215
78 209
79 328
80 114
81 222
82 343
83 206
84 343
85 206
86 337
87 328
88 315
89 328
90 334
91 220
92 326
93 114
94 227
95 214
96 114
97 212
98 207
99 103
100 105
101 203
1 350
2 542
3 712
4 986
5 1145
6 950
7 784
8 869
9 803
10 921
11 1121
12 844
13 991
14 992
15 904
16 1003
17 1001
18 916
19 1010
20 937
21 828
22 911
23 601
24 625
25 609
26 426
27 404
28 314
29 413
30 414
31 521
32 405
33 413
34 403
35 312
36 290
37 105
38 295
39 295
40 486
41 296
42 320
43 311
44 305
45 293
46 317
47 209
48 323
49 319
50 308
51 421
52 320
53 309
54 420
55 324
56 325
57 214
58 210
59 110
60 107
61 219
62 206
63 209
64 208
65 215
66 215
67 324
68 217
69 314
70 222
71 112
72 109
73 221
74 316
75 208
76 324
77 207
78 319
79 327
80 219
81 110
82 111
83 114
84 225
85 104
86 111
87 106
1 354
2 389
3 724
4 814
5 1043
6 714
7 706
8 646
9 547
10 558
11 582
12 588
13 801
14 771
15 758
16 847
17 636
18 719
19 619
20 836
21 833
22 742
23 818
24 833
25 729
26 958
27 720
28 728
29 728
30 612
31 620
32 626
33 536
34 619
35 512
36 627
37 628
38 644
39 618
40 731
41 734
42 537
43 536
44 527
45 428
46 335
47 443
48 223
49 416
50 321
51 211
52 207
53 209
54 207
55 305
56 96
57 211
58 203
59 109
60 222
61 207
62 209
63 214
64 207
65 204
66 211
67 207
68 103
69 197
70 109
71 196
72 104
73 103
74 207
1 354
2 380
3 717
4 908
5 990
6 816
7 626
8 719
9 717
10 650
11 755
12 687
13 689
14 605
15 731
16 808
17 722
18 820
19 800
20 701
21 612
22 800
23 684
24 892
25 691
26 683
27 602
28 605
29 496
30 398
31 393
32 300
33 410
34 303
35 404
36 399
37 412
38 408
39 316
40 413
41 421
42 292
43 416
44 319
45 308
46 411
47 315
48 322
49 307
50 314
51 106
52 202
53 317
54 217
55 113
56 108
57 106
58 103
59 210
60 104
61 106
62 213
63 216
64 213
65 212
66 228
67 102
68 217
69 308
70 313
71 327
72 313
73 310
74 307
75 323
76 324
77 203
78 318
79 213
80 208
81 312
82 213
83 315
84 321
85 309
86 330
87 347
88 229
89 332
90 219
91 318
92 111
93 111
94 110
95 108
96 109
97 112
98 107
99 216
100 110
1 347
2 467
3 615
4 814
5 1149
6 872
7 704
8 794
9 715
10 819
11 841
12 863
13 791
14 800
15 794
16 939
17 717
18 710
19 911
20 793
21 811
22 698
23 942
24 816
25 724
26 782
27 718
28 595
29 604
30 599
31 515
32 517
33 515
34 405
35 419
36 526
37 422
38 216
39 310
40 209
41 213
42 320
43 319
44 218
45 321
46 209
47 413
48 319
49 422
50 313
51 419
52 311
53 316
54 426
55 416
56 306
57 220
58 213
59 212
60 211
61 207
62 212
63 105
64 214
65 112
66 105
67 109
68 112
1 333
2 467
3 717
4 879
5 1116
6 939
7 776
8 854
9 772
10 868
11 913
12 949
13 849
14 951
15 851
16 680
17 781
18 915
19 809
20 913
21 705
22 797
23 797
24 892
25 782
26 783
27 772
28 767
29 852
30 789
31 744
32 666
33 573
34 386
35 390
36 407
37 392
38 277
39 375
40 398
41 195
42 294
43 388
44 295
45 398
46 200
47 286
48 198
49 203
50 201
51 302
52 201
53 203
54 103
55 214
56 99
57 202
58 196
59 107
60 203
61 305
62 314
63 211
64 399
65 208
66 313
67 205
68 317
69 311
70 201
71 101
72 209
73 191
74 100
75 103
76 107
1 331
2 445
3 703
4 960
5 1113
6 888
7 783
8 785
9 873
10 727
11 932
12 948
13 863
14 793
15 694
16 790
17 715
18 907
19 807
20 919
21 803
22 811
23 809
24 900
25 923
26 996
27 911
28 918
29 830
30 814
31 711
32 728
33 605
34 790
35 677
36 680
37 598
38 594
39 500
40 609
41 607
42 494
43 408
44 412
45 508
46 402
47 406
48 493
49 403
50 409
51 409
52 296
53 395
54 420
55 303
56 319
57 205
58 403
59 210
60 213
61 412
62 418
63 420
64 423
65 396
66 314
67 314
68 202
69 321
70 310
71 318
72 207
73 208
74 288
75 216
76 208
77 209
78 314
79 203
80 198
81 108
82 102
83 208
84 106
85 206
86 100
87 218
88 104
89 209
90 204
91 212
92 209
93 306
94 311
95 313
96 215
97 204
98 208
99 211
100 98
101 200
102 101
103 100
104 102
105 103
106 110
107 106
108 102
1 334
2 459
3 698
4 889
5 1107
6 948
7 792
8 872
9 974
10 907
11 736
12 948
13 940
14 988
15 991
16 989
17 1011
18 912
19 828
20 910
21 924
22 814
23 909
24 732
25 813
26 820
27 806
28 902
29 597
30 691
31 712
32 589
33 579
34 686
35 673
36 592
37 597
38 594
39 514
40 528
41 416
42 496
43 400
44 317
45 398
46 416
47 309
48 299
49 198
50 302
51 206
52 399
53 398
54 396
55 494
56 592
57 412
58 304
59 104
60 219
61 204
62 95
63 222
64 99
65 99
66 105
67 211
68 103
69 214
70 206
71 209
72 213
73 201
74 316
75 316
76 210
77 217
78 215
79 206
80 204
81 200
82 214
83 311
84 312
85 201
86 199
87 312
88 212
89 204
90 107
91 105
92 210
93 105
94 211
95 213
96 107
97 104
98 207
99 198
100 203
101 210
102 98
103 207
104 204
105 199
106 201
107 109
108 208
109 213
110 103
111 102
112 213
113 107
114 106
115 210
116 103
117 211
118 101
119 106
120 200
121 99
122 106
123 107
124 198
125 186
126 108
127 319
128 319
129 320
130 218
131 109
132 98
133 221
134 102
135 103
136 108
137 222
138 206
139 224
140 225
141 113
142 105
143 100
144 104
145 104
146 108
1 412
2 361
3 722
4 957
5 1058
6 964
7 795
8 798
9 770
10 906
11 847
12 920
13 940
14 854
15 800
16 964
17 886
18 969
19 998
20 1009
21 903
22 1006
23 913
24 824
25 909
26 1005
27 836
28 897
29 810
30 819
31 711
32 717
33 614
34 518
35 318
36 311
37 426
38 318
39 398
40 427
41 309
42 304
43 403
44 323
45 408
46 405
47 411
48 292
49 307
50 407
51 309
52 405
53 309
54 381
55 317
56 419
57 335
58 205
59 334
60 313
61 315
62 318
63 308
64 207
65 325
66 428
67 319
68 314
69 213
70 323
71 106
72 211
73 209
74 111
75 107
76 103
77 104
78 102
79 115
80 213
1 334
2 546
3 616
4 976
5 1098
6 965
7 788
8 901
9 804
10 928
11 764
12 768
13 752
14 790
15 893
16 988
17 996
18 792
19 922
20 890
21 809
22 721
23 725
24 697
25 901
26 817
27 898
28 903
29 887
30 877
31 775
32 799
33 707
34 614
35 414
36 321
37 410
38 311
39 314
40 394
41 403
42 502
43 414
44 401
45 494
46 417
47 295
48 312
49 303
50 310
51 207
52 291
53 324
54 299
55 419
56 410
57 423
58 434
59 316
60 208
61 107
62 309
63 306
64 313
65 206
66 107
67 214
68 320
69 214
70 215
71 310
72 212
73 220
74 214
75 207
76 210
77 402
78 208
79 314
80 208
81 202
82 216
83 102
84 200
85 313
86 214
87 215
88 321
89 209
90 425
91 319
92 320
93 429
94 507
95 429
96 313
97 306
98 215
99 218
100 324
101 101
102 99
103 316
104 220
105 338
106 327
107 221
108 218
109 216
110 213
111 213
112 305
113 338
114 333
115 226
116 215
117 220
118 217
119 220
120 327
121 329
122 318
123 334
124 325
125 219
126 212
127 322
128 217
129 226
130 218
131 223
132 117
133 216
134 109
135 215
136 221
137 107
138 224
139 219
140 341
141 330
142 222
143 334
144 213
145 106
146 114
147 224
148 108
149 108
150 112
151 111
152 106
153 116
154 110
155 105
156 114
157 108
158 104
159 107
160 101
161 108
162 108
163 106
164 102
165 110
166 102
167 101
168 106
169 116
1 336
2 458
3 793
4 880
5 1137
6 968
7 911
8 804
9 722
10 820
11 972
12 971
13 973
14 879
15 960
16 1004
17 924
18 703
19 824
20 830
21 822
22 829
23 903
24 941
25 614
26 823
27 1001
28 792
29 933
30 789
31 917
32 705
33 605
34 540
35 616
36 528
37 507
38 400
39 526
40 413
41 411
42 414
43 528
44 632
45 425
46 404
47 421
48 321
49 429
50 402
51 408
52 208
53 315
54 296
55 303
56 205
57 314
58 314
59 313
60 313
61 309
62 431
63 335
64 318
65 331
66 330
67 219
68 340
69 115
70 218
71 214
72 107
73 217
74 221
75 109
76 222
77 216
78 203
79 106
80 218
81 206
82 324
83 337
84 329
85 324
86 347
87 319
88 219
89 220
90 112
91 222
92 209
93 111
94 107
95 209
96 110
97 213
98 114
99 104
100 104
101 111
102 101
1 358
2 484
3 718
4 917
5 1174
6 879
7 803
8 896
9 900
10 907
11 1040
12 978
13 810
14 904
15 920
16 936
17 1021
18 928
19 822
20 942
21 845
22 940
23 841
24 831
25 960
26 850
27 842
28 926
29 938
30 740
31 730
32 638
33 532
34 632
35 524
36 512
37 522
38 612
39 628
40 534
41 529
42 539
43 637
44 422
45 532
46 317
47 425
48 312
49 324
50 217
51 326
52 217
53 108
54 219
55 223
56 216
57 305
58 312
59 220
60 327
61 219
62 205
63 216
64 328
65 320
66 325
67 330
68 224
69 214
70 323
71 336
72 224
73 217
74 323
75 217
76 330
77 335
78 319
79 106
80 221
81 222
82 103
83 108
84 106
85 109
86 116
87 113
88 109
89 110
90 220
91 109
92 224
93 106
94 220
95 105
96 228
97 224
98 222
99 437
100 325
101 347
102 222
103 215
104 113
105 115
106 104
107 110
108 113
109 109
110 108
1 345
2 545
3 635
4 980
5 1165
6 1002
7 819
8 787
9 735
10 842
11 846
12 884
13 891
14 916
15 913
16 940
17 927
18 836
19 955
20 939
21 761
22 847
23 845
24 754
25 637
26 733
27 816
28 1014
29 932
30 701
31 831
32 823
33 645
34 617
35 511
36 625
37 406
38 517
39 730
40 720
41 615
42 640
43 621
44 740
45 759
46 540
47 538
48 430
49 320
50 455
51 455
52 318
53 329
54 323
55 223
56 222
57 325
58 223
59 222
60 221
61 221
62 220
63 213
64 325
65 114
66 209
67 200
68 220
69 319
70 207
71 322
72 320
73 207
74 319
75 223
76 331
77 429
78 228
79 315
80 332
81 229
82 223
83 331
84 229
85 339
86 224
87 444
88 453
89 339
90 231
91 333
92 216
93 345
94 224
95 335
96 224
97 219
98 339
99 343
100 218
101 230
102 227
103 330
104 450
105 340
106 346
107 235
108 336
109 220
110 209
111 336
112 210
113 229
114 222
115 211
116 233
117 111
118 223
119 107
120 336
121 223
122 331
123 108
124 222
125 112
126 109
127 110
128 111
129 116
130 119
131 109
132 103
133 104
134 120
135 102
1 339
2 548
3 726
4 923
5 1086
6 1065
7 714
8 803
9 923
10 923
11 950
12 986
13 824
14 934
15 847
16 936
17 1041
18 955
19 730
20 958
21 844
22 854
23 859
24 746
25 936
26 945
27 848
28 752
29 743
30 837
31 722
32 721
33 736
34 633
35 524
36 513
37 421
38 523
39 525
40 418
41 426
42 631
43 420
44 431
45 420
46 329
47 223
48 327
49 327
50 317
51 222
52 216
53 317
54 316
55 429
56 213
57 104
58 216
59 208
1 348
2 377
3 706
4 895
5 988
6 905
7 850
8 728
9 850
10 749
11 889
12 801
13 888
14 941
15 911
16 911
17 956
18 869
19 822
20 732
21 959
22 760
23 860
24 760
25 847
26 768
27 866
28 860
29 746
30 722
31 754
32 767
33 646
34 624
35 536
36 426
37 424
38 441
39 418
40 320
41 427
42 435
43 330
44 421
45 427
46 425
47 314
48 419
49 220
50 323
51 210
52 223
53 219
54 110
55 211
56 113
57 214
58 103
59 224
60 218
61 105
62 224
63 420
64 323
65 226
66 223
67 311
68 435
69 337
70 341
71 323
72 435
73 211
74 332
75 335
76 339
77 229
78 114
79 110
80 114
81 225
82 232
83 113
84 106
85 107
86 104
87 111
88 111
89 218
90 109
91 106
92 210
93 111
94 105
1 340
2 480
3 621
4 804
5 982
6 894
7 737
8 729
9 923
10 761
11 846
12 781
13 713
14 933
15 823
16 828
17 747
18 824
19 1016
20 823
21 834
22 903
23 835
24 961
25 815
26 723
27 833
28 746
29 929
30 739
31 865
32 735
33 727
34 719
35 622
36 524
37 540
38 427
39 629
40 651
41 542
42 434
43 417
44 427
45 525
46 431
47 423
48 412
49 421
50 546
51 327
52 339
53 438
54 216
55 427
56 432
57 334
58 432
59 325
60 331
61 441
62 325
63 329
64 208
65 111
66 311
67 429
68 327
69 434
70 537
71 436
72 119
73 110
74 118
75 223
76 99
77 109
78 108
79 112
80 321
81 214
82 328
83 315
84 219
85 216
86 103
87 114
88 109
89 111
90 109
91 112
