1 1184
2 1954
3 3283
4 4214
5 5094
6 3840
7 2579
8 2884
9 2574
10 3234
11 3231
12 2920
13 2275
14 1936
15 2283
16 2591
17 2604
18 1946
19 2269
20 2599
21 3239
22 3236
23 2910
24 2260
25 2264
26 1949
27 1291
28 980
29 662
30 1312
31 2267
32 2584
33 1613
34 1297
35 1629
36 1921
37 1300
38 1307
39 986
40 1300
41 652
42 987
43 663
44 663
45 328
46 655
47 652
48 658
49 981
50 661
51 659
52 659
1 1169
2 1937
3 3302
4 4548
5 5118
6 3203
7 3212
8 2900
9 2893
10 2563
11 2582
12 2589
13 2270
14 1940
15 2266
16 2263
17 2589
18 2892
19 2908
20 2889
21 2904
22 3241
23 2908
24 2254
25 1939
26 1297
27 1309
28 1621
29 1294
30 1616
31 1294
32 1304
33 1299
34 977
35 964
36 1286
37 1607
38 1614
39 1296
40 964
41 1299
42 981
43 1283
44 981
45 972
46 979
47 984
48 1294
49 1293
50 1303
51 1616
52 1614
53 1612
54 977
55 654
56 979
57 1304
58 986
59 1300
60 1636
61 987
62 659
63 983
64 980
65 659
66 983
67 976
68 1623
69 980
70 654
71 329
1 1185
2 1973
3 3350
4 4327
5 5295
6 3312
7 2980
8 2647
9 3639
10 3642
11 2989
12 3315
13 2653
14 2329
15 2340
16 2344
17 2671
18 3000
19 2331
20 2999
21 3310
22 2984
23 2654
24 2319
25 1991
26 1327
27 1335
28 1668
29 2002
30 997
31 1335
32 671
33 675
34 675
35 1000
36 1331
37 2323
38 1675
39 1661
40 999
41 1007
42 1339
43 1332
44 1007
45 1332
46 670
47 997
48 679
49 676
50 343
1 1110
2 2097
3 3401
4 4435
5 5359
6 4663
7 4125
8 3519
9 3011
10 2826
11 2434
12 2428
13 2662
14 2063
15 1482
16 1326
17 1497
18 1878
19 1301
20 1291
21 931
22 1108
23 1496
24 1732
25 1707
26 1347
27 1141
28 1341
29 1318
30 962
31 585
32 783
1 1107
2 2272
3 3258
4 4679
5 5196
6 4693
7 4712
8 4107
9 3545
10 2649
11 2799
12 2837
13 2465
14 1890
15 1661
16 1523
17 1528
18 1502
19 1130
20 1106
21 944
22 1169
23 1330
24 1352
25 1536
26 774
27 769
28 776
29 757
30 767
31 577
32 558
1 1086
2 2322
3 3251
4 4542
5 5510
6 5001
7 4254
8 3715
9 3572
10 2988
11 2625
12 3007
13 2630
14 2638
15 1938
16 2278
17 2097
18 1888
19 1498
20 1886
21 1694
22 1885
23 1707
24 1501
25 1314
26 1569
27 940
28 778
29 970
30 393
1 751
2 1383
3 1792
4 2540
5 2899
6 2170
7 1771
8 1730
9 1557
10 1978
11 1815
12 1765
13 1566
14 1980
15 1573
16 1758
17 1626
18 1762
19 1569
20 1806
21 1611
22 1541
23 1386
24 1174
25 982
26 1201
27 807
28 1010
29 1189
30 998
31 1004
32 987
33 794
34 796
35 790
36 595
37 785
38 601
39 779
40 788
41 997
42 1180
43 784
44 1167
45 620
46 784
47 784
48 581
49 602
50 590
51 622
52 407
53 408
54 393
55 403
56 194
57 602
58 806
59 800
60 599
61 599
62 809
63 794
64 801
65 398
66 599
67 382
68 401
69 384
70 202
1 718
2 1288
3 1765
4 2336
5 2849
6 2271
7 1741
8 1895
9 1705
10 1927
11 1932
12 1533
13 1567
14 1555
15 1374
16 1785
17 1526
18 1765
19 1729
20 1710
21 1741
22 1527
23 1332
24 1388
25 1177
26 1337
27 1196
28 965
29 1134
30 1169
31 979
32 1340
33 1347
34 959
35 975
36 976
37 1168
38 776
39 966
40 952
41 569
42 591
43 404
44 203
1 728
2 1349
3 1578
4 2510
5 2682
6 2082
7 1739
8 1929
9 1931
10 1748
11 2147
12 1967
13 1767
14 1766
15 1592
16 1795
17 1952
18 1949
19 1567
20 1569
21 1730
22 1918
23 1739
24 1138
25 1349
26 1367
27 1184
28 1156
29 980
30 1343
31 1146
32 990
33 976
34 975
35 1153
36 969
37 774
38 582
39 596
40 205
41 397
1 805
2 1111
3 1999
4 2388
5 3035
6 2345
7 2627
8 2506
9 1983
10 1945
11 1871
12 1826
13 1795
14 1680
15 1831
16 1829
17 1679
18 1260
19 1113
20 1002
21 854
22 987
23 709
24 705
25 578
26 565
27 437
28 285
1 812
2 1259
3 1882
4 2426
5 2958
6 2635
7 2380
8 2109
9 1840
10 1709
11 1838
12 1832
13 1566
14 1700
15 1559
16 1568
17 1445
18 1139
19 852
20 1018
21 1163
22 1147
23 1279
24 855
25 973
26 863
27 704
28 417
29 427
1 799
2 1259
3 1838
4 2580
5 2950
6 2274
7 2023
8 1433
9 1305
10 1160
11 1200
12 1176
13 1193
14 1343
15 1485
16 1444
17 1042
18 1344
19 1618
20 1316
21 1156
22 1032
23 1170
24 1461
25 1614
26 1303
27 1175
28 1025
29 734
30 733
31 599
32 588
33 735
34 599
35 582
36 598
37 431
38 589
39 596
40 594
41 596
42 590
43 601
44 283
45 305
1 527
2 996
3 1166
4 1678
5 1930
6 1529
7 1271
8 1240
9 1145
10 1418
11 1416
12 1296
13 1160
14 1444
15 1297
16 1274
17 994
18 1282
19 1013
20 1134
21 1405
22 1296
23 1276
24 1141
25 1131
26 1017
27 870
28 723
29 717
30 443
31 430
32 730
33 567
34 438
35 584
36 293
37 573
38 854
39 725
40 722
41 1008
42 865
43 868
44 868
45 1002
46 1029
47 870
48 571
49 437
50 436
51 442
52 302
53 294
54 292
55 294
56 294
57 431
58 294
59 433
60 430
61 294
62 306
63 292
64 293
65 149
1 542
2 989
3 1317
4 1737
5 1889
6 1291
7 1304
8 979
9 856
10 870
11 712
12 904
13 909
14 763
15 762
16 717
17 744
18 891
19 735
20 900
21 746
22 898
23 747
24 767
25 749
26 917
27 897
28 898
29 1044
30 880
31 1187
32 1052
33 1334
34 1037
35 734
36 599
37 750
38 601
39 740
40 733
41 741
42 604
43 743
44 747
45 434
46 447
47 455
48 302
49 453
50 586
51 451
52 603
53 742
54 447
55 438
56 308
57 300
58 298
59 602
60 458
61 446
62 463
63 448
64 149
65 152
1 545
2 998
3 1295
4 1709
5 1974
6 1809
7 1408
8 1546
9 1560
10 1152
11 1296
12 1171
13 1456
14 1755
15 1286
16 1283
17 1301
18 1140
19 1282
20 1280
21 1423
22 1165
23 1005
24 1161
25 1004
26 853
27 989
28 738
29 872
30 870
31 723
32 590
33 596
34 437
35 447
36 428
37 585
38 580
39 440
40 588
41 584
42 585
43 591
44 429
45 303
46 448
47 303
48 298
49 302
50 295
51 435
52 286
53 303
54 289
55 294
56 444
57 148
58 158
1 560
2 938
3 1429
4 1645
5 2071
6 1723
7 1633
8 1625
9 1645
10 1505
11 1305
12 1557
13 1284
14 1199
15 1311
16 1075
17 1406
18 1164
19 1060
20 823
21 594
22 478
23 484
24 462
25 608
26 733
27 483
28 467
29 596
30 474
31 613
32 493
33 475
34 358
35 471
36 618
37 367
38 125
39 261
1 554
2 932
3 1409
4 1789
5 1874
6 1420
7 963
8 822
9 952
10 586
11 588
12 622
13 626
14 732
15 755
16 868
17 612
18 739
19 754
20 750
21 610
22 865
23 1001
24 854
25 1355
26 1208
27 976
28 753
29 863
30 486
31 500
32 373
33 253
34 249
35 504
36 620
37 626
38 744
39 875
40 612
41 761
42 630
43 759
44 269
45 123
1 541
2 1062
3 1298
4 1649
5 2074
6 1517
7 1495
8 1745
9 1622
10 1518
11 1417
12 1059
13 1307
14 1090
15 1303
16 1284
17 1311
18 1195
19 1171
20 1064
21 946
22 953
23 956
24 1093
25 720
26 610
27 478
28 608
29 483
30 371
31 476
32 603
33 601
34 842
35 957
36 976
37 840
38 617
39 718
40 620
41 620
42 615
43 625
44 495
45 380
46 367
47 494
48 729
49 380
50 372
51 380
52 361
53 259
54 257
55 125
1 452
2 804
3 968
4 1307
5 1624
6 1156
7 1179
8 925
9 948
10 1049
11 1189
12 1080
13 966
14 968
15 830
16 953
17 955
18 945
19 840
20 826
21 1047
22 1048
23 929
24 826
25 701
26 357
27 607
28 368
29 481
30 589
31 602
32 589
33 613
34 488
35 483
36 621
37 620
38 620
39 492
40 371
41 369
42 367
43 382
44 376
45 376
46 242
47 241
48 244
49 371
50 377
51 368
52 485
53 362
54 493
55 240
56 247
57 366
58 247
59 245
60 243
61 244
62 372
63 486
64 496
65 734
66 493
67 500
68 481
69 492
70 246
71 375
72 254
73 381
74 256
75 251
76 373
77 496
78 387
79 254
80 128
81 266
82 129
83 121
1 449
2 703
3 1078
4 1405
5 1488
6 1154
7 1039
8 1035
9 1278
10 1050
11 1052
12 1063
13 934
14 1079
15 1084
16 1077
17 1067
18 1072
19 1066
20 1056
21 1287
22 943
23 819
24 822
25 842
26 705
27 833
28 712
29 475
30 603
31 486
32 366
33 369
34 358
35 365
36 121
37 365
38 248
39 242
40 367
41 248
42 247
43 371
44 245
45 358
46 486
47 246
48 369
49 369
50 363
51 369
52 365
53 248
54 363
55 248
56 242
57 369
58 127
59 252
60 257
61 122
62 249
63 248
1 439
2 822
3 986
4 1324
5 1503
6 1160
7 1062
8 1147
9 1179
10 940
11 938
12 1177
13 1197
14 941
15 1198
16 982
17 943
18 842
19 951
20 826
21 941
22 1183
23 971
24 591
25 485
26 482
27 724
28 615
29 704
30 730
31 604
32 619
33 604
34 493
35 608
36 491
37 489
38 369
39 489
40 377
41 493
42 375
43 361
44 497
45 491
46 365
47 373
48 509
49 365
50 390
51 252
52 372
53 374
54 245
55 600
56 496
57 372
58 486
59 367
60 244
61 492
62 497
63 252
64 250
65 128
66 250
67 122
68 123
1 478
2 716
3 1032
4 1333
5 1497
6 1317
7 1291
8 906
9 924
10 1439
11 1244
12 1025
13 1240
14 1157
15 1042
16 1339
17 1229
18 836
19 833
20 823
21 932
22 732
23 426
24 428
25 418
26 421
27 410
28 525
29 628
30 633
31 433
32 627
33 535
34 530
35 331
36 427
37 327
38 323
39 325
40 329
41 218
42 332
43 316
44 323
45 340
46 324
47 218
48 329
49 318
50 317
51 327
52 326
53 326
54 215
55 220
56 320
57 325
58 215
59 224
60 332
61 322
62 630
63 538
64 539
65 326
66 216
67 210
68 114
69 110
1 466
2 707
3 1034
4 1412
5 1465
6 1094
7 1085
8 1284
9 989
10 1003
11 998
12 1226
13 915
14 925
15 715
16 817
17 922
18 1029
19 817
20 1008
21 1095
22 1217
23 1012
24 1006
25 1008
26 824
27 723
28 729
29 522
30 723
31 838
32 634
33 631
34 530
35 523
36 734
37 835
38 726
39 421
40 426
41 529
42 422
43 414
44 218
45 223
46 323
47 318
48 321
49 215
50 418
51 423
52 416
53 426
54 421
55 430
56 219
57 215
58 215
59 218
60 216
1 476
2 709
3 1030
4 1438
5 1568
6 1262
7 1183
8 1375
9 1191
10 887
11 1000
12 1105
13 1107
14 1007
15 1025
16 898
17 806
18 925
19 908
20 1098
21 897
22 1011
23 814
24 618
25 505
26 416
27 406
28 506
29 730
30 621
31 523
32 502
33 736
34 731
35 625
36 621
37 620
38 625
39 621
40 629
41 427
42 421
43 328
44 415
45 422
46 631
47 627
48 428
49 517
50 420
51 313
52 431
53 437
54 328
55 320
56 424
57 207
58 211
59 312
60 320
61 429
62 436
63 326
64 426
65 526
66 425
67 421
68 543
69 334
70 331
71 422
72 215
73 212
74 109
75 107
1 379
2 717
3 832
4 1137
5 1276
6 1086
7 985
8 997
9 1003
10 906
11 1011
12 902
13 931
14 933
15 930
16 816
17 826
18 928
19 1022
20 717
21 922
22 814
23 826
24 607
25 626
26 418
27 416
28 523
29 421
30 419
31 532
32 728
33 737
34 633
35 635
36 739
37 628
38 741
39 527
40 540
41 430
42 332
43 331
44 215
45 318
46 317
47 320
48 421
49 220
50 323
51 426
52 210
53 328
54 217
55 219
56 220
57 111
58 224
59 216
60 109
61 109
62 112
63 107
1 384
2 622
3 960
4 1119
5 1379
6 1089
7 803
8 894
9 895
10 1199
11 1002
12 1002
13 927
14 805
15 814
16 922
17 827
18 1029
19 920
20 914
21 899
22 917
23 819
24 729
25 710
26 629
27 721
28 608
29 725
30 606
31 526
32 420
33 522
34 521
35 721
36 517
37 530
38 638
39 521
40 325
41 321
42 316
43 220
44 220
45 109
46 211
47 318
48 320
49 323
50 213
51 212
52 214
53 106
54 219
55 108
1 383
2 621
3 942
4 1134
5 1330
6 912
7 709
8 610
9 606
10 407
11 511
12 434
13 539
14 432
15 748
16 745
17 635
18 649
19 527
20 432
21 531
22 534
23 647
24 758
25 529
26 549
27 647
28 537
29 525
30 644
31 653
32 647
33 746
34 762
35 755
36 771
37 651
38 547
39 432
40 550
41 435
42 544
43 772
44 881
45 545
46 541
47 441
48 556
49 445
50 431
51 436
52 450
53 334
54 220
55 327
56 321
57 321
58 221
59 111
60 220
61 111
1 438
2 450
3 936
4 1109
5 1341
6 1086
7 892
8 983
9 891
10 1092
11 995
12 1003
13 1013
14 844
15 740
16 745
17 827
18 848
19 856
20 931
21 837
22 1000
23 930
24 751
25 569
26 561
27 381
28 377
29 288
30 384
31 292
32 285
33 292
34 379
35 576
36 485
37 282
38 279
39 374
40 468
41 477
42 190
43 196
44 199
45 287
46 193
47 292
48 200
49 291
50 294
51 195
52 198
53 103
54 189
55 93
56 198
57 287
58 189
59 187
60 387
61 191
62 388
63 479
64 192
65 390
66 395
67 298
68 289
69 483
70 296
71 303
72 300
73 191
74 192
75 194
76 390
77 295
78 392
79 297
80 384
81 290
82 387
83 388
84 297
85 194
86 196
87 194
88 199
89 293
90 393
91 296
92 199
93 196
94 197
95 196
96 294
97 295
98 299
99 202
100 309
101 198
102 197
103 199
104 99
105 102
106 202
1 424
2 537
3 850
4 1195
5 1333
6 1167
7 720
8 621
9 446
10 541
11 374
12 387
13 387
14 380
15 381
16 391
17 292
18 386
19 387
20 398
21 380
22 393
23 390
24 381
25 381
26 476
27 486
28 390
29 570
30 482
31 475
32 482
33 479
34 385
35 596
36 489
37 898
38 779
39 787
40 685
41 687
42 494
43 504
44 301
45 494
46 495
47 605
48 401
49 397
50 297
51 200
52 304
53 196
54 209
55 101
56 203
57 294
58 294
59 205
60 203
61 207
62 195
63 304
64 98
65 204
66 203
67 98
1 421
2 555
3 825
4 1092
5 1306
6 1055
7 1070
8 879
9 997
10 911
11 899
12 901
13 1001
14 913
15 818
16 732
17 1012
18 1095
19 1006
20 1020
21 1009
22 736
23 932
24 927
25 746
26 646
27 561
28 658
29 376
30 386
31 288
32 288
33 476
34 473
35 473
36 391
37 374
38 376
39 391
40 286
41 293
42 293
43 202
44 195
1 345
2 545
3 767
4 1016
5 1181
6 804
7 735
8 811
9 730
10 822
11 846
12 837
13 753
14 821
15 856
16 755
17 946
18 658
19 837
20 747
21 747
22 832
23 746
24 744
25 839
26 559
27 664
28 474
29 381
30 558
31 646
32 555
33 563
34 471
35 386
36 378
37 292
38 281
39 475
40 465
41 566
42 472
43 475
44 484
45 379
46 377
47 487
48 566
49 481
50 601
51 585
52 396
53 297
54 401
55 394
56 398
57 406
58 296
59 395
60 289
61 197
62 306
63 201
64 99
65 197
66 195
67 304
68 298
69 396
70 202
71 308
72 198
73 204
74 308
75 100
76 201
77 203
78 199
79 201
80 303
81 387
82 288
83 204
84 99
85 207
86 102
87 199
88 197
89 105
90 98
1 352
2 549
3 764
4 943
5 1173
6 987
7 822
8 623
9 894
10 839
11 728
12 930
13 744
14 750
15 756
16 743
17 858
18 745
19 669
20 848
21 749
22 750
23 754
24 754
25 939
26 658
27 578
28 578
29 380
30 567
31 477
32 574
33 676
34 485
35 476
36 379
37 475
38 289
39 295
40 393
41 291
42 481
43 387
44 391
45 295
46 383
47 386
48 399
49 495
50 400
51 382
52 385
53 496
54 298
55 306
56 198
57 203
58 201
59 396
60 201
61 102
62 197
63 100
64 202
1 344
2 546
3 766
4 950
5 1165
6 801
7 810
8 810
9 800
10 919
11 821
12 922
13 745
14 656
15 836
16 742
17 749
18 744
19 843
20 738
21 665
22 747
23 660
24 752
25 658
26 574
27 551
28 659
29 561
30 570
31 384
32 474
33 470
34 386
35 382
36 484
37 490
38 385
39 584
40 480
41 493
42 395
43 387
44 481
45 287
46 385
47 293
48 102
49 192
50 194
51 291
52 188
53 100
54 192
55 302
56 202
57 100
58 200
59 193
60 201
61 99
62 101
1 336
2 616
3 714
4 1052
5 1115
6 1027
7 855
8 935
9 867
10 964
11 954
12 949
13 791
14 784
15 884
16 704
17 718
18 709
19 622
20 712
21 791
22 711
23 540
24 449
25 369
26 354
27 442
28 630
29 450
30 529
31 461
32 276
33 278
34 272
35 457
36 364
37 368
38 363
39 272
40 187
41 187
42 95
43 185
44 277
45 363
46 367
47 365
48 466
49 277
50 369
51 465
52 288
53 279
54 280
55 187
56 281
57 190
58 283
59 188
60 289
61 182
62 185
63 91
64 96
65 188
1 409
2 432
3 813
4 968
5 1214
6 682
7 771
8 600
9 516
10 519
11 465
12 476
13 374
14 569
15 465
16 375
17 380
18 379
19 364
20 480
21 376
22 375
23 555
24 560
25 653
26 666
27 744
28 671
29 686
30 679
31 780
32 856
33 972
34 859
35 667
36 760
37 562
38 584
39 479
40 381
41 380
42 495
43 483
44 392
45 190
46 288
47 193
48 288
49 193
50 196
51 191
52 189
53 288
54 200
55 201
56 97
57 286
58 281
59 477
60 388
61 386
62 393
63 200
64 282
65 194
66 197
67 188
68 191
69 287
70 190
71 186
72 96
73 98
74 99
75 96
1 410
2 436
3 811
4 964
5 1186
6 938
7 852
8 850
9 781
10 958
11 973
12 894
13 797
14 894
15 809
16 811
17 811
18 631
19 628
20 554
21 802
22 803
23 636
24 619
25 531
26 355
27 445
28 447
29 363
30 363
31 276
32 277
33 450
34 277
35 185
36 276
37 284
38 280
39 266
40 372
41 278
42 370
43 372
44 285
45 379
46 275
47 276
48 186
49 276
50 189
51 94
52 192
53 188
54 194
55 192
56 289
57 281
58 284
59 288
60 556
61 473
62 460
63 273
64 368
65 283
66 182
67 191
68 187
69 185
70 99
71 94
72 182
73 95
