1 346
2 439
3 702
4 894
5 1033
6 776
7 692
8 785
9 689
10 713
11 623
12 717
13 719
14 795
15 812
16 732
17 819
18 622
19 738
20 738
21 642
22 638
23 726
24 731
25 648
26 558
27 547
28 533
29 464
30 472
31 377
32 366
33 367
34 277
35 368
36 378
37 382
38 369
39 373
40 470
41 379
42 283
43 374
44 191
45 385
46 282
47 379
48 193
49 191
50 196
51 196
52 194
53 294
54 197
55 295
56 194
57 196
58 193
59 191
60 192
61 293
62 297
63 198
64 294
65 188
66 197
67 197
68 99
69 188
70 97
71 102
72 103
1 341
2 445
3 721
4 975
5 955
6 876
7 782
8 771
9 886
10 891
11 803
12 810
13 723
14 901
15 805
16 730
17 727
18 651
19 824
20 727
21 829
22 831
23 742
24 740
25 745
26 653
27 462
28 367
29 455
30 283
31 366
32 287
33 274
34 363
35 277
36 274
37 369
38 275
39 366
40 366
41 373
42 449
43 454
44 471
45 281
46 275
47 289
48 280
49 286
50 285
51 196
52 292
53 291
54 478
55 380
56 462
57 278
58 275
59 281
60 278
61 283
62 290
63 193
64 187
65 91
66 188
67 90
68 194
69 94
70 94
1 341
2 444
3 714
4 984
5 965
6 790
7 786
8 697
9 784
10 894
11 639
12 724
13 812
14 816
15 644
16 643
17 649
18 809
19 635
20 728
21 634
22 738
23 719
24 631
25 547
26 543
27 457
28 464
29 467
30 459
31 374
32 464
33 367
34 287
35 279
36 276
37 464
38 465
39 367
40 461
41 369
42 464
43 474
44 374
45 285
46 378
47 296
48 194
49 200
50 288
51 184
52 196
53 190
54 193
55 195
56 193
57 203
58 99
59 201
60 99
61 95
62 194
63 99
64 196
65 101
66 101
67 199
68 103
69 198
70 98
71 194
72 100
73 290
74 189
75 187
76 197
77 197
78 192
79 198
80 98
81 100
82 197
83 101
84 191
85 98
86 104
87 197
88 196
89 195
90 95
91 294
92 196
93 289
94 282
95 198
96 292
97 198
98 196
99 101
100 101
101 101
102 200
103 100
104 193
105 201
106 203
107 197
108 195
109 200
110 102
111 200
112 98
113 98
114 201
115 98
116 99
117 198
118 101
119 97
1 317
2 501
3 760
4 840
5 988
6 739
7 662
8 573
9 488
10 582
11 527
12 619
13 527
14 526
15 539
16 613
17 432
18 442
19 536
20 349
21 350
22 256
23 267
24 362
25 368
26 452
27 375
28 372
29 372
30 637
31 645
32 570
33 663
34 666
35 827
36 657
37 636
38 471
39 564
40 461
41 551
42 471
43 466
44 462
45 362
46 460
47 365
48 367
49 182
50 267
51 265
52 268
53 272
54 271
55 281
56 273
57 186
58 279
59 182
60 272
61 271
62 364
63 448
64 276
65 274
66 263
67 179
68 184
69 185
70 90
71 94
72 181
73 93
1 398
2 416
3 591
4 933
5 1060
6 729
7 725
8 721
9 801
10 734
11 660
12 757
13 756
14 850
15 762
16 761
17 858
18 672
19 694
20 770
21 756
22 686
23 602
24 689
25 599
26 442
27 435
28 423
29 443
30 348
31 431
32 517
33 442
34 345
35 352
36 350
37 348
38 435
39 511
40 433
41 345
42 349
43 276
44 173
45 356
46 271
47 463
48 269
49 271
50 187
51 185
52 191
53 184
54 271
55 91
56 278
57 271
58 183
59 179
60 179
61 271
62 91
63 276
64 280
65 263
66 182
67 270
68 180
69 180
70 351
71 352
72 365
73 359
74 268
75 180
76 272
77 179
78 175
79 183
80 90
81 93
82 176
83 92
84 87
85 179
86 184
87 94
88 180
89 182
90 91
91 94
92 93
93 89
94 177
95 186
96 93
97 185
98 183
99 92
100 191
101 92
102 92
1 313
2 505
3 682
4 923
5 1064
6 644
7 657
8 814
9 741
10 701
11 706
12 787
13 781
14 684
15 857
16 778
17 859
18 790
19 815
20 973
21 881
22 704
23 699
24 709
25 532
26 612
27 436
28 449
29 354
30 444
31 265
32 446
33 440
34 360
35 355
36 352
37 358
38 348
39 360
40 444
41 366
42 457
43 451
44 367
45 458
46 368
47 184
48 93
49 276
50 95
51 183
52 190
53 186
54 94
55 180
56 187
57 188
58 280
59 283
60 366
61 358
62 273
63 175
64 88
65 90
66 184
67 95
68 180
69 258
70 274
71 185
72 187
73 274
74 180
75 93
76 181
77 88
78 185
79 186
80 89
81 181
82 91
83 182
1 318
2 418
3 688
4 755
5 997
6 834
7 663
8 657
9 671
10 682
11 688
12 771
13 606
14 690
15 687
16 609
17 610
18 784
19 623
20 712
21 616
22 631
23 616
24 615
25 707
26 618
27 615
28 444
29 350
30 448
31 440
32 441
33 451
34 449
35 450
36 452
37 450
38 279
39 372
40 278
41 372
42 372
43 279
44 285
45 185
46 278
47 372
48 281
49 279
50 370
51 367
52 283
53 274
54 278
55 367
56 181
57 190
58 189
59 182
60 186
61 182
62 190
63 188
64 187
65 96
66 280
67 185
68 189
69 286
70 185
71 194
72 185
73 190
74 189
75 94
76 186
77 187
78 93
79 186
80 189
81 186
82 186
83 276
84 190
85 285
86 275
87 280
88 186
89 187
90 284
91 183
92 187
93 91
94 191
95 280
96 281
97 283
98 279
99 278
100 282
101 185
102 189
103 96
104 93
105 95
106 94
107 94
108 97
109 190
110 91
111 98
112 95
113 94
114 96
115 192
116 97
117 93
1 321
2 423
3 596
4 848
5 884
6 817
7 659
8 590
9 587
10 679
11 678
12 779
13 688
14 606
15 605
16 701
17 702
18 616
19 709
20 625
21 537
22 616
23 709
24 708
25 703
26 793
27 693
28 534
29 618
30 533
31 436
32 530
33 529
34 537
35 445
36 358
37 531
38 358
39 359
40 357
41 359
42 445
43 536
44 452
45 453
46 369
47 370
48 371
49 455
50 276
51 277
52 282
53 187
54 177
55 95
56 182
57 92
58 190
59 92
60 177
61 187
62 276
63 280
64 191
65 188
66 278
67 185
68 187
69 185
70 186
71 93
72 91
73 92
74 92
75 96
76 93
1 324
2 425
3 685
4 774
5 1008
6 667
7 670
8 670
9 588
10 689
11 689
12 705
13 627
14 704
15 712
16 701
17 629
18 621
19 705
20 724
21 626
22 717
23 626
24 714
25 725
26 731
27 625
28 539
29 459
30 452
31 552
32 452
33 453
34 453
35 446
36 452
37 360
38 458
39 365
40 363
41 362
42 276
43 454
44 362
45 458
46 461
47 464
48 369
49 475
50 382
51 374
52 285
53 279
54 278
55 190
56 191
57 194
58 92
59 193
60 288
61 289
62 379
63 287
64 383
65 194
66 192
67 187
68 189
69 286
70 186
71 194
72 189
73 194
74 190
75 197
76 198
77 191
78 192
79 192
80 298
81 184
82 95
83 96
84 98
85 190
86 192
87 95
88 193
89 94
90 193
91 188
92 192
93 191
94 186
95 280
96 190
97 192
98 188
99 189
100 189
101 191
102 96
103 194
104 95
105 98
106 97
107 193
108 193
109 195
110 100
111 188
112 197
113 184
114 98
115 92
116 89
117 189
118 92
119 92
120 95
121 91
122 95
123 96
124 97
125 93
126 93
1 312
2 405
3 674
4 826
5 885
6 734
7 651
8 644
9 487
10 577
11 581
12 581
13 676
14 581
15 857
16 678
17 759
18 692
19 704
20 801
21 628
22 626
23 622
24 712
25 717
26 708
27 604
28 607
29 617
30 433
31 441
32 355
33 448
34 526
35 434
36 353
37 342
38 262
39 443
40 358
41 445
42 352
43 267
44 264
45 260
46 347
47 358
48 354
49 272
50 270
51 267
52 266
53 269
54 349
55 270
56 264
57 269
58 272
59 347
60 272
61 272
62 174
63 268
64 267
65 272
66 272
67 181
68 184
69 91
70 186
71 92
72 274
73 179
74 188
75 93
76 184
77 88
78 91
79 179
80 89
81 88
82 91
83 179
84 177
85 179
86 183
87 185
88 188
89 179
90 184
91 89
92 92
93 91
94 91
95 91
96 183
1 315
2 417
3 671
4 755
5 974
6 640
7 647
8 649
9 654
10 655
11 670
12 675
13 672
14 669
15 762
16 688
17 608
18 696
19 608
20 614
21 619
22 535
23 533
24 531
25 694
26 607
27 612
28 610
29 520
30 606
31 522
32 444
33 435
34 343
35 508
36 417
37 434
38 510
39 350
40 349
41 434
42 358
43 266
44 178
45 177
46 359
47 250
48 183
49 280
50 180
51 274
52 181
53 268
54 262
55 272
56 353
57 360
58 358
59 461
60 452
61 366
62 448
63 274
64 368
65 177
66 184
67 275
68 179
69 189
70 180
71 276
72 272
73 285
74 188
75 272
76 268
77 191
78 191
79 188
80 180
81 184
82 362
83 366
84 273
85 275
86 187
87 182
88 280
89 277
90 188
91 180
92 188
93 92
94 95
95 191
96 95
97 91
98 96
99 96
1 319
2 416
3 669
4 746
5 958
6 797
7 634
8 715
9 733
10 729
11 584
12 738
13 739
14 739
15 675
16 586
17 692
18 586
19 510
20 612
21 614
22 524
23 695
24 606
25 607
26 588
27 506
28 417
29 341
30 423
31 433
32 425
33 343
34 427
35 428
36 342
37 355
38 344
39 341
40 344
41 356
42 346
43 344
44 345
45 348
46 268
47 264
48 346
49 345
50 181
51 265
52 264
53 266
54 187
55 263
56 180
57 181
58 180
59 93
60 93
61 92
62 88
63 85
64 175
65 273
1 317
2 340
3 597
4 761
5 880
6 650
7 482
8 498
9 570
10 586
11 598
12 597
13 672
14 689
15 685
16 595
17 683
18 616
19 700
20 628
21 619
22 787
23 628
24 613
25 619
26 696
27 688
28 592
29 523
30 430
31 266
32 266
33 172
34 264
35 255
36 256
37 360
38 360
39 356
40 354
41 358
42 451
43 434
44 356
45 362
46 350
47 362
48 353
49 265
50 352
51 275
52 182
53 265
54 259
55 179
56 178
57 272
58 179
59 268
60 178
61 179
62 179
63 275
64 93
65 175
66 90
67 180
68 180
69 183
70 183
71 91
72 96
73 92
74 87
75 91
1 321
2 337
3 601
4 767
5 830
6 581
7 571
8 574
9 578
10 435
11 357
12 263
13 269
14 363
15 448
16 439
17 350
18 527
19 528
20 522
21 450
22 436
23 449
24 462
25 562
26 381
27 555
28 566
29 544
30 563
31 549
32 451
33 557
34 642
35 636
36 561
37 478
38 369
39 189
40 276
41 281
42 185
43 277
44 372
45 379
46 366
47 273
48 354
49 184
50 374
51 281
52 271
53 354
54 364
55 368
56 465
57 372
58 265
59 190
60 273
61 187
62 189
63 193
64 188
65 96
66 182
67 182
68 188
69 190
70 188
71 277
72 184
73 281
74 185
75 188
76 269
77 187
78 184
79 96
80 189
81 187
82 186
83 92
84 92
85 94
86 95
87 97
88 92
89 89
90 92
91 96
92 96
93 95
1 315
2 336
3 588
4 754
5 825
6 654
7 661
8 656
9 656
10 590
11 662
12 585
13 675
14 603
15 694
16 600
17 680
18 608
19 604
20 607
21 702
22 537
23 617
24 608
25 707
26 615
27 532
28 618
29 445
30 543
31 451
32 448
33 364
34 263
35 363
36 351
37 358
38 370
39 362
40 276
41 272
42 349
43 450
44 357
45 452
46 362
47 466
48 276
49 374
50 281
51 377
52 358
53 277
54 270
55 275
56 179
57 96
58 183
59 92
60 97
61 99
62 183
63 94
64 184
1 307
2 398
3 551
4 713
5 860
6 553
7 683
8 618
9 623
10 644
11 637
12 658
13 559
14 652
15 667
16 736
17 668
18 578
19 663
20 682
21 580
22 580
23 585
24 656
25 585
26 585
27 595
28 413
29 518
30 424
31 432
32 337
33 331
34 346
35 339
36 341
37 325
38 325
39 423
40 340
41 492
42 340
43 253
44 259
45 343
46 258
47 253
48 265
49 265
50 256
51 180
52 270
53 263
54 442
55 266
56 260
57 268
58 87
59 173
60 180
61 181
62 91
63 181
64 185
65 271
66 180
67 364
68 265
69 268
70 171
71 181
72 182
73 177
74 175
75 177
76 186
77 177
78 174
79 178
80 180
81 183
82 181
83 176
84 180
85 187
86 270
87 272
88 268
89 253
90 179
91 87
92 175
93 183
94 181
95 268
96 187
97 276
98 178
99 181
100 176
101 266
102 92
103 191
104 266
105 274
106 178
107 93
108 188
109 85
110 179
111 178
112 90
113 183
114 92
115 184
116 179
117 278
118 90
119 174
120 94
121 162
122 89
123 271
124 98
125 181
126 177
127 89
128 85
129 92
130 88
131 96
132 92
133 90
134 88
135 91
136 93
137 93
138 86
139 90
140 90
141 90
1 307
2 395
3 565
4 729
5 852
6 706
7 630
8 548
9 632
10 560
11 640
12 564
13 656
14 567
15 729
16 671
17 590
18 743
19 592
20 598
21 682
22 695
23 682
24 598
25 599
26 509
27 762
28 648
29 587
30 503
31 503
32 429
33 339
34 420
35 337
36 345
37 260
38 342
39 264
40 347
41 257
42 355
43 264
44 264
45 261
46 260
47 180
48 264
49 267
50 262
51 265
52 166
53 350
54 343
55 436
56 352
57 434
58 264
59 359
60 275
61 363
62 270
63 267
64 266
65 186
66 187
67 179
68 182
69 185
70 177
71 178
72 90
73 183
74 176
75 270
76 176
77 176
78 178
79 176
80 274
81 179
82 86
83 86
84 86
85 90
86 86
87 175
88 89
89 92
90 86
91 88
92 178
93 90
94 180
95 87
96 181
97 93
98 178
99 176
100 180
101 181
102 180
103 175
104 179
105 178
106 91
107 93
108 89
109 173
110 89
111 188
112 176
113 87
114 86
115 186
116 86
117 94
118 84
119 86
120 83
121 263
122 175
123 92
124 92
125 95
126 86
127 93
128 91
129 95
1 305
2 406
3 540
4 722
5 860
6 701
7 626
8 545
9 543
10 627
11 562
12 564
13 554
14 647
15 646
16 643
17 653
18 588
19 677
20 595
21 609
22 615
23 510
24 602
25 682
26 744
27 670
28 595
29 746
30 574
31 570
32 486
33 415
34 410
35 413
36 332
37 414
38 336
39 261
40 255
41 254
42 344
43 252
44 175
45 268
46 87
47 180
48 83
49 261
50 257
51 258
52 170
53 250
54 345
55 250
56 254
57 265
58 261
59 265
60 174
61 253
62 181
63 178
64 174
65 90
66 178
67 176
68 182
69 168
70 181
71 95
72 92
73 176
74 263
75 85
76 272
77 180
78 170
79 90
80 177
81 168
82 176
83 88
84 174
85 176
86 92
87 83
88 91
89 92
90 80
91 88
1 303
2 321
3 561
4 641
5 799
6 625
7 632
8 395
9 632
10 651
11 572
12 576
13 582
14 580
15 752
16 587
17 672
18 516
19 514
20 606
21 582
22 595
23 691
24 601
25 519
26 599
27 603
28 685
29 596
30 518
31 429
32 417
33 349
34 419
35 342
36 452
37 435
38 508
39 419
40 425
41 338
42 437
43 334
44 424
45 341
46 351
47 342
48 355
49 352
50 443
51 270
52 173
53 275
54 266
55 184
56 180
57 177
58 90
59 172
60 188
61 183
62 90
63 268
64 264
65 274
66 179
67 181
68 272
69 182
70 184
71 92
72 91
73 94
74 183
75 90
76 90
77 88
78 89
1 308
2 322
3 496
4 735
5 806
6 559
7 556
8 572
9 556
10 490
11 571
12 580
13 661
14 662
15 669
16 754
17 675
18 766
19 598
20 607
21 608
22 686
23 603
24 612
25 612
26 603
27 600
28 611
29 686
30 514
31 520
32 428
33 431
34 446
35 359
36 525
37 348
38 437
39 452
40 361
41 448
42 355
43 365
44 367
45 373
46 280
47 273
48 369
49 348
50 269
51 358
52 181
53 277
54 179
55 271
56 279
57 193
58 89
59 87
60 185
61 93
62 278
63 94
64 194
65 184
66 189
67 191
68 278
69 276
70 184
71 193
72 173
73 184
74 183
75 187
76 180
77 278
78 91
79 182
80 179
81 191
82 93
83 180
84 95
85 88
86 88
87 91
1 305
2 328
3 560
4 646
5 788
6 716
7 473
8 471
9 485
10 655
11 570
12 493
13 668
14 671
15 667
16 595
17 596
18 686
19 694
20 608
21 615
22 615
23 531
24 526
25 512
26 517
27 607
28 688
29 677
30 677
31 672
32 592
33 581
34 412
35 436
36 510
37 424
38 334
39 260
40 261
41 333
42 254
43 335
44 269
45 188
46 266
47 179
48 262
49 268
50 177
51 267
52 270
53 266
54 269
55 356
56 268
57 179
58 183
59 92
60 180
61 88
62 184
63 270
64 273
65 274
66 355
67 180
68 278
69 185
70 178
71 274
72 170
73 274
74 190
75 186
76 276
77 269
78 179
79 183
80 90
81 187
82 90
83 186
84 190
85 95
86 179
87 194
88 92
89 90
90 91
91 94
92 92
93 91
94 91
95 90
96 181
97 92
98 92
99 92
100 90
101 185
102 91
103 95
104 91
105 90
106 91
107 90
108 90
109 92
1 296
2 325
3 574
4 638
5 849
6 632
7 469
8 613
9 548
10 557
11 480
12 651
13 554
14 627
15 545
16 641
17 588
18 594
19 577
20 677
21 595
22 614
23 593
24 687
25 581
26 665
27 680
28 506
29 584
30 584
31 573
32 564
33 576
34 556
35 504
36 483
37 415
38 339
39 337
40 346
41 417
42 330
43 432
44 428
45 344
46 346
47 424
48 257
49 173
50 261
51 261
52 257
53 171
54 253
55 172
56 253
57 260
58 175
59 168
60 261
61 176
62 260
63 173
64 250
65 86
66 171
67 91
68 170
69 261
70 173
71 180
72 177
73 91
74 173
75 89
76 89
77 87
78 87
79 91
80 88
81 93
82 88
83 90
1 298
2 334
3 490
4 735
5 781
6 620
7 528
8 542
9 561
10 551
11 635
12 654
13 645
14 657
15 577
16 586
17 691
18 683
19 691
20 516
21 618
22 694
23 615
24 597
25 606
26 608
27 620
28 601
29 594
30 513
31 616
32 509
33 346
34 348
35 426
36 260
37 427
38 347
39 339
40 254
41 349
42 253
43 171
44 176
45 178
46 261
47 169
48 263
49 346
50 349
51 429
52 257
53 259
54 352
55 353
56 266
57 351
58 261
59 175
60 270
61 266
62 177
63 172
64 178
65 268
66 177
67 271
68 174
69 187
70 264
71 184
72 184
73 176
74 180
75 190
76 181
77 186
78 183
79 89
80 186
81 94
82 93
83 182
84 89
85 93
86 99
87 180
88 176
89 181
90 186
91 183
92 178
93 182
94 183
95 178
96 182
97 178
98 182
99 268
100 181
101 274
102 194
103 186
104 88
105 177
106 179
107 179
108 182
109 91
110 182
111 93
112 187
113 93
114 97
115 87
116 91
117 85
118 86
119 89
120 177
121 85
122 90
123 91
124 88
125 88
126 87
127 92
128 92
1 296
2 324
3 572
4 644
5 839
6 632
7 538
8 538
9 627
10 475
11 731
12 560
13 641
14 564
15 733
16 756
17 596
18 605
19 611
20 692
21 597
22 691
23 600
24 683
25 594
26 502
27 585
28 579
29 575
30 568
31 493
32 497
33 410
34 405
35 424
36 323
37 329
38 341
39 255
40 254
41 250
42 336
43 264
44 263
45 423
46 420
47 345
48 350
49 353
50 349
51 354
52 258
53 174
54 177
55 86
56 172
57 185
58 183
59 187
60 176
61 178
62 183
63 179
64 170
65 264
66 169
67 265
68 270
69 267
70 258
71 268
72 179
73 268
74 90
75 184
76 184
77 268
78 180
79 365
80 347
81 270
82 277
83 273
84 267
85 267
86 181
87 265
88 272
89 268
90 273
91 92
92 87
93 184
94 92
95 97
96 88
97 98
98 89
99 181
100 179
101 175
102 177
103 176
104 86
105 170
106 180
107 261
108 279
109 171
110 259
111 177
112 179
113 175
114 89
115 177
116 177
117 175
118 172
119 261
120 271
121 86
122 91
123 90
124 89
125 91
126 92
127 84
128 90
129 89
130 90
131 96
132 90
133 92
134 91
135 90
136 88
137 89
138 85
1 308
2 242
3 566
4 565
5 797
6 643
7 554
8 554
9 487
10 576
11 580
12 567
13 578
14 671
15 673
16 587
17 612
18 600
19 525
20 606
21 425
22 606
23 602
24 529
25 534
26 631
27 615
28 539
29 517
30 517
31 604
32 519
33 520
34 437
35 514
36 434
37 431
38 433
39 529
40 439
41 443
42 351
43 442
44 349
45 444
46 354
47 356
48 349
49 348
50 356
51 264
52 353
53 263
54 362
55 266
56 273
57 268
58 272
59 184
60 268
61 175
62 180
63 274
64 275
65 182
66 275
67 182
68 181
69 189
70 187
71 91
72 98
73 183
74 88
75 90
76 90
77 91
78 96
79 93
80 94
81 94
1 237
2 425
3 414
4 713
5 719
6 634
7 561
8 557
9 479
10 641
11 487
12 581
13 497
14 659
15 580
16 584
17 515
18 602
19 668
20 507
21 603
22 528
23 604
24 611
25 529
26 531
27 443
28 523
29 611
30 523
31 604
32 623
33 525
34 437
35 524
36 441
37 435
38 349
39 443
40 353
41 531
42 518
43 529
44 436
45 538
46 446
47 352
48 437
49 358
50 272
51 355
52 353
53 275
54 275
55 355
56 261
57 363
58 353
59 373
60 280
61 362
62 360
63 183
64 266
65 179
66 181
67 182
68 178
69 174
70 274
71 87
72 270
73 178
74 280
75 273
76 366
77 355
78 280
79 368
80 367
81 274
82 375
83 274
84 278
85 184
86 186
87 182
88 183
89 189
90 180
91 96
92 187
93 177
94 93
95 93
96 191
97 95
98 185
99 183
100 96
101 189
102 91
103 185
104 92
105 185
106 94
107 181
108 188
109 189
110 181
111 187
112 185
113 185
114 186
115 96
116 186
117 96
118 190
119 182
120 188
121 176
122 93
123 93
124 191
125 91
126 90
127 91
128 92
129 91
130 95
131 97
132 95
133 93
134 96
135 95
136 94
137 88
138 90
139 97
140 93
141 91
142 94
143 179
144 178
145 187
146 91
147 182
148 185
149 96
150 92
151 92
152 180
153 96
154 92
155 93
156 93
157 188
158 96
159 91
160 90
161 93
162 96
163 90
164 89
165 92
166 96
167 95
168 96
169 99
170 90
171 89
172 180
173 93
174 190
175 93
176 188
177 93
178 92
179 94
180 92
181 91
182 90
183 91
184 90
185 94
186 186
187 92
188 181
189 186
190 96
191 91
192 94
1 313
2 247
3 503
4 656
5 792
6 638
7 399
8 562
9 481
10 576
11 656
12 661
13 585
14 579
15 514
16 516
17 600
18 523
19 519
20 605
21 533
22 524
23 520
24 525
25 609
26 615
27 528
28 596
29 602
30 596
31 510
32 504
33 437
34 497
35 427
36 346
37 341
38 332
39 429
40 515
41 433
42 357
43 268
44 360
45 346
46 352
47 256
48 268
49 270
50 183
51 178
52 90
53 175
54 178
55 176
56 265
57 270
58 178
59 185
60 175
61 269
62 269
63 180
64 271
65 265
66 182
67 180
68 184
69 186
70 188
71 185
72 88
73 179
74 180
75 93
76 180
77 175
78 187
79 178
80 276
81 272
82 270
83 181
84 188
85 185
86 180
87 189
88 191
89 94
90 185
91 185
92 93
93 95
94 95
95 89
96 89
97 88
98 179
99 94
100 185
101 90
102 87
103 189
104 99
105 94
106 94
107 96
108 90
109 91
110 93
111 95
112 94
113 185
114 89
115 194
116 91
117 91
118 94
119 187
120 187
121 97
122 180
123 85
124 86
125 85
126 87
127 87
128 90
129 91
1 245
2 336
3 593
4 574
5 738
6 655
7 491
8 483
9 571
10 508
11 595
12 687
13 610
14 616
15 613
16 616
17 634
18 619
19 538
20 540
21 718
22 636
23 541
24 450
25 540
26 536
27 626
28 438
29 636
30 544
31 628
32 533
33 450
34 463
35 361
36 271
37 362
38 272
39 267
40 365
41 270
42 272
43 272
44 266
45 274
46 264
47 360
48 265
49 265
50 261
51 275
52 258
53 185
54 259
55 166
56 270
57 271
58 263
59 275
60 180
61 368
62 184
63 284
64 190
65 288
66 96
67 285
68 186
69 280
70 183
71 94
72 185
73 94
74 184
75 188
76 94
77 191
78 184
79 190
80 265
81 183
82 183
83 93
84 186
85 192
86 91
87 197
88 276
89 94
90 179
91 173
92 186
93 90
94 194
95 187
96 92
97 94
98 96
99 90
100 88
101 185
102 95
103 192
104 95
105 93
106 84
107 86
108 96
1 235
2 422
3 422
4 657
5 807
6 654
7 574
8 482
9 410
10 591
11 426
12 425
13 604
14 594
15 600
16 520
17 532
18 529
19 515
20 609
21 621
22 616
23 544
24 541
25 541
26 534
27 539
28 626
29 613
30 451
31 455
32 535
33 358
34 443
35 361
36 441
37 273
38 367
39 355
40 264
41 357
42 180
43 264
44 261
45 188
46 272
47 272
48 366
49 280
50 348
51 265
52 270
53 356
54 274
55 363
56 367
57 264
58 272
59 269
60 361
61 373
62 377
63 377
64 287
65 380
66 273
67 275
68 265
69 360
70 281
71 377
72 279
73 278
74 188
75 184
76 183
77 179
78 178
79 282
80 285
81 96
82 191
83 176
84 389
85 284
86 293
87 191
88 274
89 187
90 92
91 98
92 99
93 97
94 94
95 93
96 88
97 200
98 93
99 100
100 189
101 198
102 190
103 196
104 95
105 192
106 286
107 102
108 275
109 194
110 197
111 183
112 199
113 196
114 192
115 91
116 97
117 99
118 187
119 92
120 95
121 99
122 96
123 90
124 99
125 193
126 197
127 92
128 194
129 96
130 96
131 96
132 100
133 192
134 93
135 95
136 97
137 90
138 96
139 96
140 95
141 190
142 95
143 100
144 98
145 190
146 97
147 192
148 192
149 188
150 94
151 195
152 94
153 189
154 96
155 97
156 102
157 97
158 100
159 100
160 100
161 97
162 100
163 103
1 251
2 342
3 588
4 662
5 746
6 588
7 589
8 425
9 496
10 414
11 441
12 440
13 509
14 516
15 349
16 440
17 536
18 442
19 462
20 457
21 553
22 552
23 650
24 565
25 464
26 567
27 652
28 552
29 457
30 536
31 540
32 442
33 622
34 630
35 532
36 439
37 544
38 535
39 464
40 379
41 367
42 376
43 375
44 283
45 368
46 374
47 376
48 281
49 278
50 191
51 285
52 378
53 280
54 287
55 277
56 277
57 371
58 285
59 289
60 192
61 283
62 187
63 189
64 190
65 98
66 195
67 189
68 275
69 183
70 285
71 280
72 100
73 91
74 196
75 96
76 189
77 192
78 89
79 187
80 92
81 100
82 284
83 191
84 91
85 194
86 282
87 288
88 190
89 -951
90 288
91 186
92 188
93 187
94 280
95 186
96 191
97 179
98 278
99 194
100 191
101 101
102 90
103 278
104 193
105 189
106 277
107 184
108 190
109 88
110 92
111 91
112 91
113 92
114 91
115 87
116 98
117 90
118 88
119 95
120 96
121 92
122 91
123 89
124 177
125 184
126 94
127 93
128 180
129 96
1 239
2 343
3 507
4 583
5 740
6 575
7 495
8 499
9 503
10 504
11 495
12 431
13 590
14 597
15 607
16 620
17 531
18 554
19 558
20 561
21 551
22 558
23 465
24 553
25 650
26 552
27 552
28 650
29 563
30 562
31 555
32 549
33 457
34 561
35 536
36 463
37 364
38 360
39 274
40 184
41 263
42 178
43 276
44 186
45 275
46 370
47 290
48 263
49 272
50 186
51 193
52 182
53 194
54 186
55 188
56 183
57 188
58 172
59 271
60 280
61 372
62 269
63 371
64 276
65 374
66 187
67 275
68 275
69 267
70 294
71 293
72 303
73 205
74 184
75 188
76 192
77 198
78 199
79 186
80 271
81 192
82 184
83 200
84 98
85 182
86 268
87 184
88 267
89 89
90 191
91 97
92 193
93 280
94 186
95 189
96 274
97 281
98 183
99 280
100 184
101 183
102 187
103 190
104 96
105 187
106 101
107 190
108 185
109 189
110 185
111 92
112 95
113 95
114 98
115 101
116 97
117 98
118 93
119 187
120 187
121 184
122 92
123 92
124 97
125 98
126 97
127 97
128 97
129 93
130 91
131 97
132 92
133 96
134 94
135 92
136 297
137 96
138 95
139 100
140 90
141 93
142 101
143 198
144 99
145 185
146 97
147 100
148 97
149 96
150 94
151 99
152 95
153 99
1 237
2 344
3 501
4 595
5 730
6 496
7 330
8 248
9 256
10 249
11 327
12 343
13 369
14 271
15 260
16 357
17 356
18 359
19 446
20 362
21 277
22 372
23 278
24 283
25 291
26 304
27 290
28 197
29 305
30 304
31 202
32 303
33 307
34 203
35 300
36 196
37 311
38 287
39 291
40 290
41 394
42 304
43 403
44 500
45 391
46 499
47 408
48 494
49 503
50 491
51 504
52 405
53 498
54 508
55 393
56 498
57 395
58 479
59 292
60 304
61 299
62 308
63 302
64 201
65 203
66 199
67 200
68 304
69 296
70 301
71 282
72 294
73 297
74 305
75 302
76 100
77 101
78 303
79 203
80 297
81 196
82 316
83 200
84 305
85 199
86 205
87 296
88 207
89 200
90 200
91 311
92 103
93 104
94 207
95 208
96 107
97 195
98 90
99 213
100 203
101 195
102 98
103 199
104 104
105 197
106 99
107 104
108 202
109 196
110 196
111 97
112 201
113 99
114 198
115 101
116 97
117 101
118 108
119 101
120 100
121 94
122 103
123 103
124 100
125 93
126 101
127 97
128 101
129 105
130 102
131 104
132 98
133 107
134 99
135 104
136 98
137 205
138 96
139 89
140 99
141 196
142 103
143 104
144 204
145 99
146 103
147 200
148 104
149 103
150 101
151 100
152 106
153 93
154 198
155 199
156 103
157 92
158 100
159 91
160 100
161 94
162 101
163 102
164 94
165 97
166 107
167 104
168 100
169 102
170 91
171 92
172 95
173 99
1 234
2 353
3 502
4 582
5 751
6 495
7 343
8 341
9 236
10 241
11 246
12 329
13 268
14 267
15 275
16 180
17 274
18 183
19 279
20 173
21 270
22 361
23 267
24 448
25 367
26 368
27 289
28 392
29 302
30 397
31 299
32 393
33 292
34 198
35 291
36 308
37 292
38 294
39 283
40 292
41 295
42 294
43 196
44 287
45 197
46 291
47 193
48 195
49 290
50 302
51 397
52 400
53 398
54 405
55 392
56 473
57 592
58 591
59 484
60 486
61 394
62 397
63 395
64 392
65 398
66 296
67 294
68 294
69 283
70 295
71 288
72 193
73 192
74 295
75 198
76 196
77 199
78 190
79 198
80 196
81 199
82 97
83 201
84 199
85 301
86 192
87 207
88 200
89 198
90 205
91 103
92 101
93 206
94 101
95 196
96 204
97 200
98 202
99 198
100 98
101 203
102 98
103 189
104 101
105 200
106 98
107 202
108 199
109 201
110 96
111 202
112 203
113 97
114 195
115 186
116 189
117 102
118 208
119 193
120 95
121 192
122 186
123 93
124 179
125 190
126 290
127 200
128 207
129 190
130 180
131 186
132 190
133 104
134 192
135 103
136 192
137 97
138 96
139 99
140 100
141 99
142 97
143 90
144 94
145 97
146 101
147 89
148 99
149 93
150 97
151 96
152 98
153 95
1 248
2 352
3 510
4 594
5 655
6 502
7 330
8 339
9 342
10 330
11 692
12 542
13 448
14 361
15 278
16 366
17 547
18 551
19 552
20 678
21 697
22 593
23 591
24 593
25 585
26 489
27 584
28 486
29 495
30 592
31 586
32 588
33 491
34 567
35 582
36 679
37 583
38 699
39 685
40 585
41 587
42 495
43 487
44 493
45 491
46 503
47 503
48 401
49 500
50 482
51 479
52 491
53 477
54 495
55 394
56 393
57 507
58 393
59 300
60 282
61 384
62 287
63 388
64 296
65 290
66 382
67 300
68 393
69 296
70 287
71 286
72 200
73 205
74 281
75 192
76 294
77 104
78 188
79 199
80 194
81 197
82 200
83 196
84 200
85 188
86 104
87 106
88 106
89 99
90 95
91 99
92 97
93 104
94 105
95 193
96 196
97 201
98 190
99 204
100 194
101 193
102 93
103 191
104 100
105 196
106 98
107 208
108 294
109 181
110 195
111 195
112 194
113 191
114 192
115 95
116 96
117 99
118 94
119 97
120 96
121 96
122 102
123 94
124 101
125 95
126 100
127 100
128 100
129 98
130 103
131 97
132 95
133 294
134 199
135 199
136 95
137 204
138 100
139 100
140 103
141 90
142 186
143 95
144 100
145 90
146 184
147 197
148 97
149 97
150 88
151 192
152 100
153 91
154 101
155 188
156 98
157 97
158 96
159 99
160 96
161 96
162 104
163 95
164 91
165 92
166 95
167 90
168 94
169 95
170 93
171 94
172 103
173 101
174 91
175 84
1 241
2 332
3 580
4 557
5 723
6 572
7 567
8 483
9 493
10 513
11 528
12 519
13 607
14 604
15 521
16 614
17 520
18 631
19 629
20 552
21 651
22 640
23 537
24 533
25 549
26 546
27 558
28 543
29 546
30 619
31 560
32 527
33 544
34 532
35 354
36 447
37 358
38 446
39 261
40 265
41 265
42 268
43 373
44 259
45 363
46 280
47 268
48 276
49 350
50 369
51 363
52 268
53 178
54 277
55 365
56 191
57 189
58 185
59 285
60 291
61 284
62 286
63 280
64 191
65 282
66 278
67 189
68 188
69 192
70 200
71 190
72 189
73 195
74 279
75 196
76 187
77 189
78 198
79 193
80 96
81 192
82 99
83 196
84 89
85 195
86 195
87 293
88 192
89 290
90 187
91 287
92 95
93 195
94 96
95 177
96 95
97 89
98 93
99 94
100 95
101 98
102 95
103 99
1 248
2 348
3 500
4 596
5 675
6 685
7 496
8 406
9 481
10 499
11 509
12 600
13 509
14 597
15 600
16 623
17 536
18 548
19 650
20 545
21 538
22 458
23 538
24 462
25 630
26 553
27 541
28 543
29 548
30 556
31 537
32 530
33 629
34 552
35 449
36 465
37 554
38 639
39 549
40 460
41 453
42 455
43 467
44 443
45 454
46 438
47 362
48 449
49 365
50 366
51 349
52 359
53 283
54 353
55 277
56 376
57 275
58 376
59 366
60 281
61 285
62 283
63 278
64 276
65 265
66 188
67 182
68 274
69 281
70 90
71 180
72 181
73 185
74 175
75 273
76 183
77 270
78 183
79 183
80 179
81 90
82 275
83 192
84 94
85 92
86 98
87 94
88 95
89 86
90 92
91 88
92 94
1 243
2 353
3 438
4 513
5 749
6 498
7 406
8 329
9 246
10 252
11 255
12 249
13 276
14 270
15 182
16 273
17 274
18 348
19 271
20 273
21 185
22 272
23 269
24 273
25 276
26 393
27 303
28 388
29 402
30 394
31 501
32 492
33 567
34 577
35 494
36 571
37 494
38 380
39 486
40 598
41 483
42 585
43 605
44 391
45 503
46 407
47 592
48 583
49 502
50 499
51 488
52 604
53 489
54 404
55 386
56 391
57 294
58 399
59 301
60 197
61 292
62 291
63 280
64 191
65 290
66 276
67 189
68 289
69 193
70 194
71 186
72 104
73 192
74 203
75 205
76 185
77 178
78 99
79 203
80 189
81 288
82 283
83 291
84 295
85 292
86 386
87 200
88 188
89 282
90 198
91 303
92 91
93 199
94 191
95 189
96 191
97 102
98 194
99 202
100 98
101 196
102 96
103 101
104 199
105 100
106 96
107 196
108 93
109 91
110 94
111 101
112 178
113 99
114 101
115 102
116 101
117 102
118 92
119 95
120 99
121 100
122 101
1 230
2 360
3 489
4 558
5 734
6 495
7 410
8 244
9 320
10 336
11 250
12 364
13 269
14 374
15 275
16 276
17 357
18 275
19 463
20 359
21 352
22 378
23 482
24 497
25 404
26 490
27 396
28 392
29 500
30 380
31 487
32 401
33 492
34 496
35 596
36 602
37 606
38 487
39 599
40 386
41 407
42 511
43 606
44 588
45 588
46 482
47 488
48 377
49 463
50 389
51 384
52 390
53 285
54 397
55 297
56 295
57 388
58 398
59 197
60 285
61 297
62 285
63 194
64 200
65 195
66 298
67 196
68 296
69 192
70 206
71 97
72 194
73 289
74 289
75 286
76 194
77 183
78 178
79 189
80 96
81 197
82 197
83 89
84 190
85 186
86 267
87 180
88 200
89 191
90 195
91 97
92 101
93 96
94 100
95 95
96 96
97 100
98 99
99 98
1 250
2 263
3 503
4 580
5 666
6 567
7 491
8 486
9 403
10 418
11 501
12 495
13 498
14 434
15 436
16 516
17 531
18 451
19 624
20 643
21 536
22 615
23 547
24 447
25 524
26 536
27 514
28 540
29 554
30 548
31 525
32 517
33 536
34 615
35 544
36 514
37 519
38 532
39 541
40 535
41 447
42 433
43 522
44 449
45 354
46 356
47 371
48 352
49 367
50 277
51 373
52 279
53 280
54 203
55 283
56 181
57 273
58 188
59 283
60 186
61 196
62 190
63 96
64 185
65 192
66 191
67 194
68 288
69 288
70 283
71 185
72 282
73 185
74 277
75 287
76 182
77 290
78 194
79 291
80 196
81 194
82 191
83 189
84 189
85 197
86 98
87 194
88 97
89 188
90 199
91 200
92 94
93 195
94 289
95 195
96 285
97 297
98 200
99 204
100 199
101 102
102 189
103 191
104 201
105 190
106 97
107 183
108 99
109 103
110 102
111 98
112 99
113 98
114 190
115 100
116 94
117 92
118 85
119 96
120 102
121 93
122 92
123 102
1 244
2 335
3 416
4 578
5 641
6 646
7 497
8 324
9 483
10 570
11 507
12 513
13 508
14 509
15 519
16 446
17 621
18 626
19 522
20 540
21 641
22 457
23 557
24 463
25 457
26 462
27 464
28 454
29 455
30 539
31 430
32 541
33 538
34 502
35 442
36 429
37 432
38 353
39 360
40 355
41 270
42 269
43 363
44 271
45 264
46 263
47 272
48 271
49 354
50 377
51 272
52 271
53 184
54 274
55 270
56 274
57 275
58 192
59 190
60 185
61 179
62 277
63 178
64 190
65 183
66 182
67 189
68 188
69 192
70 192
71 182
72 187
73 95
74 88
75 100
76 183
77 181
78 285
79 188
80 291
81 193
82 183
83 195
84 191
85 188
86 194
87 203
88 185
89 102
90 95
91 94
92 102
93 97
94 94
95 98
96 94
97 99
98 96
99 95
1 241
2 346
3 418
4 491
5 658
6 650
7 489
8 327
9 331
10 329
11 263
12 177
13 182
14 266
15 272
16 278
17 275
18 270
19 353
20 370
21 365
22 277
23 289
24 306
25 385
26 405
27 505
28 408
29 403
30 399
31 403
32 292
33 299
34 296
35 307
36 299
37 204
38 204
39 297
40 311
41 390
42 400
43 299
44 405
45 408
46 400
47 306
48 406
49 308
50 387
51 308
52 397
53 404
54 413
55 389
56 489
57 403
58 406
59 508
60 403
61 408
62 396
63 398
64 301
65 389
66 387
67 403
68 386
69 296
70 390
71 396
72 296
73 293
74 397
75 296
76 302
77 198
78 291
79 304
80 287
81 295
82 294
83 196
84 199
85 201
86 203
87 304
88 191
89 397
90 290
91 291
92 289
93 201
94 195
95 292
96 191
97 193
98 302
99 189
100 285
101 284
102 383
103 295
104 193
105 281
106 300
107 201
108 197
109 99
110 193
111 191
112 192
113 202
114 208
115 112
116 297
117 294
118 196
119 203
120 205
121 309
122 205
123 99
124 300
125 99
126 195
127 103
128 195
129 199
130 94
131 206
132 196
133 185
134 200
135 100
136 87
137 86
138 98
139 101
140 91
141 95
142 93
143 103
144 103
145 92
146 94
147 99
148 97
1 241
2 279
3 418
4 561
5 658
6 584
7 497
8 403
9 418
10 510
11 517
12 437
13 513
14 425
15 425
16 525
17 437
18 442
19 556
20 535
21 533
22 533
23 550
24 537
25 552
26 544
27 441
28 530
29 454
30 567
31 463
32 446
33 541
34 456
35 458
36 460
37 556
38 450
39 525
40 366
41 447
42 280
43 368
44 356
45 282
46 260
47 278
48 363
49 373
50 287
51 279
52 271
53 368
54 277
55 466
56 364
57 378
58 284
59 379
60 380
61 392
62 286
63 279
64 291
65 287
66 284
67 285
68 205
69 302
70 287
71 286
72 287
73 290
74 199
75 194
76 94
77 205
78 201
79 199
80 198
81 185
82 206
83 203
84 193
85 94
86 94
87 101
88 95
89 99
90 104
91 108
92 98
93 105
94 102
1 264
2 263
3 456
4 606
5 605
6 607
7 515
8 445
9 444
10 437
11 452
12 545
13 538
14 538
15 447
16 551
17 470
18 476
19 475
20 477
21 471
22 557
23 487
24 585
25 583
26 567
27 470
28 571
29 480
30 562
31 570
32 579
33 577
34 589
35 581
36 596
37 575
38 575
39 571
40 494
41 573
42 499
43 496
44 387
45 372
46 494
47 283
48 384
49 291
50 198
51 374
52 292
53 392
54 290
55 400
56 396
57 277
58 382
59 287
60 390
61 385
62 284
63 287
64 285
65 286
66 381
67 277
68 393
69 291
70 279
71 293
72 281
73 287
74 295
75 290
76 212
77 196
78 284
79 288
80 297
81 204
82 290
83 296
84 395
85 279
86 296
87 284
88 297
89 307
90 196
91 197
92 189
93 292
94 293
95 197
96 295
97 296
98 301
99 200
100 302
101 193
102 208
103 200
104 191
105 195
106 278
107 303
108 99
109 291
110 197
111 292
112 208
113 96
114 94
115 101
116 94
117 104
118 98
119 197
120 103
121 95
122 95
123 101
124 198
125 96
126 103
127 209
128 94
129 97
130 91
131 194
132 204
133 99
134 96
135 207
136 101
137 179
138 92
139 190
140 188
141 193
142 188
143 197
144 284
145 189
146 104
147 193
148 185
149 100
150 101
151 187
152 181
153 101
154 205
155 194
156 189
157 200
158 190
159 192
160 199
161 97
162 203
163 84
164 197
165 97
166 100
167 93
168 91
169 97
170 97
171 100
172 98
173 199
174 187
175 97
176 201
177 92
178 193
179 97
180 183
181 196
182 93
183 197
184 106
185 196
186 95
187 196
188 100
189 95
190 90
191 199
192 99
193 185
194 97
195 98
196 194
197 97
198 183
199 107
200 104
201 195
202 96
203 193
204 99
205 99
206 198
207 100
208 100
209 192
210 90
211 200
212 102
213 202
214 203
215 94
216 204
217 186
218 99
219 95
220 181
221 189
222 94
223 206
224 194
225 96
226 297
227 196
228 197
229 200
230 208
231 197
232 99
233 197
234 101
235 101
236 89
237 103
238 100
239 101
240 94
241 102
242 101
243 104
244 100
245 103
246 95
247 94
248 199
249 109
250 98
251 100
252 102
253 102
254 93
255 101
256 96
257 90
258 99
259 100
260 204
261 96
262 86
263 95
264 105
265 96
266 92
267 95
268 101
269 106
270 105
271 97
272 87
273 96
274 97
275 93
276 97
277 98
278 103
279 97
280 95
281 98
282 95
283 94
284 97
285 92
1 245
2 267
3 426
4 499
5 659
6 592
7 485
8 409
9 251
10 329
11 437
12 360
13 364
14 354
15 360
16 446
17 366
18 459
19 286
20 488
21 390
22 486
23 586
24 487
25 482
26 483
27 572
28 470
29 374
30 392
31 383
32 371
33 486
34 381
35 376
36 484
37 366
38 475
39 575
40 493
41 394
42 479
43 471
44 553
45 377
46 477
47 381
48 279
49 284
50 297
51 194
52 189
53 274
54 186
55 292
56 95
57 191
58 106
59 286
60 183
61 106
62 285
63 183
64 187
65 96
66 200
67 201
68 282
69 198
70 284
71 192
72 189
73 281
74 288
75 290
76 288
77 191
78 269
79 202
80 193
81 92
82 183
83 198
84 192
85 192
86 280
87 201
88 95
89 200
90 186
91 99
92 191
93 199
94 99
95 193
96 90
97 107
98 103
99 94
100 193
101 94
102 100
103 101
104 90
105 96
106 93
107 190
108 102
109 97
110 184
111 98
112 103
113 87
114 97
115 96
116 102
117 95
118 98
119 96
120 95
121 100
122 97
123 98
1 254
2 279
3 451
4 510
5 693
6 521
7 516
8 435
9 428
10 441
11 527
12 449
13 450
14 455
15 540
16 561
17 552
18 471
19 567
20 469
21 560
22 471
23 579
24 481
25 379
26 475
27 470
28 477
29 483
30 472
31 489
32 476
33 480
34 483
35 464
36 459
37 485
38 373
39 384
40 479
41 281
42 371
43 271
44 290
45 286
46 290
47 292
48 287
49 393
50 481
51 394
52 394
53 386
54 380
55 294
56 299
57 302
58 306
59 296
60 397
61 313
62 391
63 408
64 292
65 394
66 304
67 399
68 303
69 306
70 319
71 308
72 198
73 296
74 200
75 200
76 310
77 107
78 299
79 212
80 198
81 200
82 203
83 282
84 293
85 202
86 198
87 295
88 304
89 210
90 288
91 298
92 405
93 205
94 315
95 303
96 103
97 299
98 202
99 200
100 208
101 213
102 211
103 208
104 209
105 210
106 301
107 199
108 106
109 206
110 198
111 200
112 199
113 200
114 204
115 200
116 202
117 102
118 200
119 93
120 207
121 99
122 106
123 108
124 108
125 202
126 103
127 92
128 108
129 95
130 193
131 112
132 104
133 104
134 98
135 94
136 101
137 106
138 97
139 95
140 104
141 109
142 103
143 97
144 106
145 106
146 108
147 110
148 108
1 259
2 275
3 427
4 518
5 590
6 525
7 418
8 253
9 262
10 259
11 353
12 270
13 284
14 277
15 376
16 281
17 374
18 276
19 276
20 387
21 292
22 403
23 415
24 332
25 328
26 315
27 220
28 328
29 222
30 318
31 218
32 307
33 317
34 314
35 331
36 315
37 320
38 211
39 320
40 319
41 213
42 317
43 324
44 305
45 314
46 214
47 337
48 422
49 209
50 318
51 332
52 325
53 328
54 309
55 220
56 427
57 416
58 428
59 322
60 426
61 315
62 424
63 532
64 427
65 421
66 422
67 414
68 325
69 315
70 317
71 211
72 217
73 214
74 217
75 212
76 211
77 106
78 212
79 214
80 218
81 217
82 220
83 227
84 221
85 209
86 104
87 215
88 103
89 105
90 103
91 105
92 107
93 104
94 206
95 211
96 213
97 312
98 220
99 321
100 213
101 319
102 218
103 316
104 314
105 330
106 317
107 208
108 200
109 219
110 303
111 194
112 216
113 212
114 210
115 199
116 311
117 321
118 314
119 212
120 210
121 204
122 204
123 211
124 95
125 207
126 101
127 104
128 212
129 220
130 110
131 207
132 222
133 104
134 99
135 95
136 221
137 219
138 216
139 110
140 223
141 108
142 221
143 111
144 111
145 117
146 106
147 223
148 112
149 96
150 103
151 214
152 110
153 109
154 200
155 111
156 213
157 102
158 111
159 109
160 105
161 106
162 104
163 105
164 103
165 114
166 107
167 103
168 106
169 98
170 104
171 111
172 96
173 111
174 100
175 97
176 109
177 107
178 101
179 107
180 105
181 108
182 106
183 105
184 108
185 111
186 104
187 110
188 100
189 105
190 105
191 106
192 110
1 254
2 273
3 446
4 525
5 617
6 600
7 519
8 422
9 438
10 528
11 535
12 648
13 462
14 467
15 559
16 483
17 478
18 508
19 490
20 591
21 497
22 598
23 581
24 497
25 595
26 508
27 379
28 482
29 413
30 479
31 584
32 588
33 491
34 493
35 560
36 466
37 556
38 575
39 587
40 467
41 465
42 495
43 481
44 406
45 378
46 387
47 465
48 463
49 395
50 388
51 389
52 471
53 392
54 390
55 304
56 406
57 397
58 396
59 400
60 406
61 294
62 306
63 305
64 403
65 289
66 382
67 308
68 318
69 321
70 203
71 297
72 206
73 307
74 297
75 295
76 312
77 300
78 303
79 304
80 197
81 310
82 298
83 211
84 306
85 310
86 289
87 304
88 381
89 211
90 205
91 201
92 210
93 201
94 203
95 195
96 196
97 203
98 321
99 211
100 303
101 215
102 209
103 319
104 210
105 215
106 206
107 314
108 212
109 210
110 318
111 207
112 308
113 211
114 203
115 301
116 105
117 212
118 107
119 106
120 108
121 108
122 100
123 106
124 101
125 97
126 108
127 104
128 100
129 106
130 107
131 103
132 111
133 104
134 103
135 102
136 98
137 101
138 104
139 104
140 204
141 98
142 100
143 96
144 105
145 99
146 102
147 97
148 104
149 101
150 101
151 101
152 105
153 102
154 95
155 98
156 106
157 101
158 93
159 95
160 102
161 101
162 89
163 102
164 100
165 96
166 99
167 92
168 105
169 95
1 242
2 296
3 362
4 506
5 618
6 612
7 431
8 532
9 444
10 353
11 440
12 460
13 444
14 542
15 457
16 566
17 571
18 487
19 579
20 489
21 481
22 586
23 581
24 480
25 561
26 573
27 486
28 583
29 508
30 488
31 496
32 499
33 493
34 482
35 490
36 498
37 493
38 503
39 297
40 302
41 390
42 297
43 312
44 211
45 293
46 294
47 286
48 291
49 297
50 287
51 293
52 289
53 291
54 196
55 309
56 299
57 305
58 300
59 201
60 199
61 205
62 302
63 204
64 305
65 102
66 110
67 301
68 306
69 408
70 208
71 215
72 208
73 101
74 104
75 210
76 103
77 105
78 217
79 100
80 103
81 208
82 110
83 102
84 103
85 202
86 108
87 102
88 210
89 106
90 101
91 107
92 107
93 111
94 108
95 102
96 106
97 97
98 108
1 250
2 288
3 277
4 618
5 611
6 525
7 521
8 434
9 446
10 365
11 562
12 457
13 468
14 368
15 452
16 465
17 475
18 578
19 512
20 403
21 491
22 596
23 488
24 493
25 611
26 499
27 512
28 503
29 596
30 488
31 491
32 485
33 594
34 471
35 497
36 596
37 488
38 500
39 492
40 388
41 498
42 390
43 295
44 393
45 294
46 301
47 302
48 287
49 306
50 289
51 293
52 291
53 288
54 299
55 187
56 295
57 399
58 296
59 486
60 293
61 284
62 384
63 300
64 299
65 296
66 299
67 296
68 299
69 303
70 290
71 210
72 305
73 204
74 310
75 203
76 204
77 212
78 199
79 100
80 198
81 210
82 207
83 214
84 197
85 203
86 199
87 103
88 191
89 207
90 304
91 207
92 206
93 199
94 199
95 208
96 207
97 213
98 106
99 200
100 197
101 204
102 198
103 308
104 108
105 103
106 99
107 99
108 117
109 103
110 108
111 105
112 101
113 107
114 108
115 103
116 101
117 102
118 99
119 104
120 110
121 105
122 107
1 261
2 190
3 458
4 524
5 609
6 605
7 508
8 429
9 426
10 460
11 375
12 531
13 456
14 473
15 563
16 574
17 471
18 500
19 576
20 577
21 581
22 569
23 483
24 590
25 488
26 503
27 495
28 477
29 490
30 501
31 379
32 569
33 469
34 479
35 495
36 487
37 586
38 486
39 498
40 509
41 399
42 394
43 306
44 386
45 283
46 191
47 200
48 291
49 300
50 200
51 308
52 299
53 210
54 196
55 192
56 300
57 205
58 293
59 191
60 291
61 202
62 203
63 209
64 287
65 205
66 205
67 209
68 199
69 206
70 305
71 212
72 200
73 198
74 217
75 197
76 220
77 206
78 214
79 214
80 195
81 301
82 308
83 201
84 217
85 101
86 224
87 309
88 109
89 213
90 199
91 111
92 211
93 102
94 198
95 198
96 104
97 219
98 202
99 101
100 103
101 207
102 104
103 211
104 100
105 103
106 200
107 299
108 207
109 294
110 206
111 111
112 219
113 212
114 106
115 112
116 109
117 216
118 104
119 105
120 113
121 99
122 109
123 102
124 108
125 108
126 106
127 110
128 204
129 105
130 100
131 190
132 105
133 102
134 105
135 113
136 104
137 111
138 103
139 106
140 105
141 111
142 107
143 105
144 101
145 100
146 107
147 103
148 104
149 110
150 104
151 102
152 110
153 101
154 102
155 107
156 103
157 102
1 256
2 273
3 365
4 588
5 586
6 521
7 512
8 362
9 515
10 534
11 440
12 442
13 450
14 445
15 447
16 452
17 478
18 558
19 572
20 482
21 479
22 479
23 494
24 486
25 389
26 475
27 470
28 502
29 482
30 383
31 569
32 492
33 491
34 498
35 473
36 487
37 460
38 483
39 485
40 499
41 383
42 391
43 388
44 384
45 393
46 292
47 391
48 289
49 192
50 293
51 202
52 295
53 199
54 193
55 278
56 198
57 201
58 197
59 197
60 96
61 186
62 194
63 199
64 94
65 200
66 299
67 204
68 103
69 200
70 204
71 103
72 108
73 198
74 104
75 99
76 108
77 187
78 203
79 202
80 202
81 190
82 281
83 205
84 189
85 201
86 198
87 102
88 196
89 96
90 197
91 196
92 96
93 98
94 187
95 100
96 198
97 202
98 102
99 100
100 99
101 100
102 202
103 107
104 107
105 104
106 99
107 99
108 101
109 208
110 101
111 103
112 104
113 111
114 214
115 106
116 205
117 109
118 110
119 205
120 99
121 203
122 102
123 108
124 108
125 106
126 101
127 105
128 200
129 103
130 203
131 106
132 93
133 206
134 107
135 97
136 104
137 204
138 99
139 192
140 106
141 200
142 115
143 104
144 99
145 213
146 117
147 108
148 113
149 109
150 107
151 104
152 108
153 105
154 102
155 101
156 105
157 109
158 108
159 105
160 115
161 105
162 101
163 101
164 105
165 101
166 110
167 88
168 104
169 114
170 102
171 104
172 110
173 104
174 105
175 99
176 103
177 105
178 112
179 100
180 100
181 97
182 105
183 114
184 105
185 101
186 105
187 102
188 110
189 113
190 106
191 108
192 93
193 110
194 90
195 112
196 103
197 104
198 103
199 106
200 102
201 100
202 104
203 104
204 110
205 97
206 106
207 103
208 115
209 105
210 99
211 106
212 105
213 99
214 109
215 97
216 95
217 101
218 103
219 101
220 107
221 97
222 103
223 104
224 107
225 100
226 100
227 107
228 97
229 104
230 102
231 103
232 99
233 104
234 108
235 106
236 105
237 107
238 100
239 100
240 99
241 103
242 100
243 93
244 104
245 100
246 103
247 102
248 105
249 102
250 107
251 103
252 106
253 97
254 100
255 105
256 103
257 100
258 111
259 105
260 103
261 105
262 93
263 107
264 98
265 106
266 99
267 98
268 98
269 100
270 102
271 100
272 100
273 107
274 96
275 99
276 100
1 251
2 281
3 448
4 513
5 580
6 597
7 433
8 436
9 429
10 503
11 436
12 364
13 457
14 556
15 550
16 552
17 586
18 566
19 578
20 493
21 594
22 493
23 495
24 580
25 583
26 481
27 492
28 562
29 485
30 561
31 481
32 580
33 477
34 497
35 461
36 480
37 552
38 490
39 396
40 393
41 399
42 472
43 383
44 375
45 293
46 397
47 299
48 386
49 288
50 307
51 390
52 500
53 474
54 397
55 403
56 382
57 291
58 388
59 299
60 393
61 313
62 406
63 306
64 395
65 304
66 302
67 392
68 195
69 295
70 187
71 290
72 199
73 207
74 209
75 207
76 208
77 203
78 299
79 105
80 101
81 104
82 104
83 101
84 98
85 107
86 103
87 98
88 107
89 99
90 100
91 92
92 100
93 98
1 247
2 280
3 424
4 498
5 589
6 541
7 523
8 419
9 434
10 522
11 523
12 463
13 533
14 535
15 441
16 485
17 564
18 463
19 483
20 579
21 504
22 485
23 476
24 375
25 591
26 388
27 482
28 575
29 489
30 500
31 579
32 490
33 573
34 463
35 450
36 493
37 387
38 297
39 384
40 201
41 395
42 283
43 277
44 195
45 384
46 279
47 296
48 194
49 275
50 198
51 186
52 295
53 196
54 300
55 199
56 291
57 296
58 203
59 188
60 203
61 208
62 210
63 209
64 103
65 207
66 208
67 211
68 98
69 112
70 205
71 285
72 299
73 302
74 308
75 197
76 293
77 194
78 199
79 202
80 188
81 98
82 102
83 107
84 195
85 108
86 103
87 99
88 104
89 206
90 211
91 99
92 296
93 107
94 204
95 207
96 203
97 99
98 209
99 103
100 107
101 99
102 101
103 110
104 99
105 95
106 97
107 100
108 99
109 107
110 107
111 99
112 100
113 95
114 103
115 106
116 95
1 257
2 279
3 358
4 420
5 673
6 602
7 438
8 438
9 424
10 540
11 447
12 353
13 456
14 537
15 552
16 457
17 547
18 481
19 571
20 476
21 567
22 464
23 570
24 395
25 573
26 474
27 505
28 572
29 482
30 567
31 464
32 372
33 579
34 488
35 487
36 500
37 494
38 483
39 473
40 474
41 399
42 371
43 388
44 309
45 392
46 306
47 288
48 287
49 309
50 283
51 298
52 203
53 298
54 191
55 192
56 209
57 299
58 415
59 294
60 290
61 317
62 314
63 192
64 300
65 302
66 196
67 205
68 203
69 304
70 299
71 205
72 299
73 195
74 297
75 301
76 211
77 306
78 203
79 307
80 206
81 304
82 210
83 209
84 312
85 98
86 208
87 99
88 103
89 103
90 107
91 100
92 106
93 109
94 103
95 105
96 100
97 204
98 189
99 206
100 100
101 207
102 200
103 199
104 189
105 99
106 182
107 97
108 203
109 92
110 199
111 200
112 103
113 101
114 102
115 208
116 98
117 208
118 111
119 211
120 214
121 205
122 106
123 209
124 211
125 103
126 195
127 103
128 205
129 102
130 215
131 100
132 113
133 194
134 106
135 102
136 103
137 104
138 103
139 111
140 203
141 110
142 106
143 100
144 103
145 102
146 105
147 105
148 104
149 108
150 102
151 106
152 213
153 205
154 199
155 206
156 97
157 97
158 205
159 109
160 102
161 99
162 93
163 97
164 105
165 100
166 101
167 108
168 95
169 108
170 101
171 98
172 99
173 102
174 105
175 111
176 100
177 106
178 95
179 100
180 93
181 105
182 113
183 109
184 106
185 110
186 106
187 104
188 101
189 95
190 103
191 206
192 100
193 103
194 103
195 104
196 104
197 111
198 96
199 103
200 99
201 98
202 105
203 102
204 100
205 98
206 100
207 100
208 99
209 103
210 103
211 101
212 99
213 105
214 97
215 99
216 98
217 97
218 106
219 107
220 105
221 98
222 98
223 106
224 105
225 105
226 101
227 99
228 103
229 108
230 107
1 254
2 280
3 352
4 523
5 616
6 521
7 608
8 508
9 433
10 438
11 439
12 546
13 543
14 459
15 459
16 388
17 498
18 488
19 488
20 388
21 489
22 397
23 393
24 492
25 502
26 384
27 490
28 385
29 487
30 601
31 463
32 471
33 477
34 459
35 371
36 477
37 479
38 399
39 387
40 396
41 288
42 373
43 299
44 276
45 299
46 377
47 288
48 302
49 292
50 186
51 289
52 191
53 294
54 288
55 283
56 289
57 293
58 289
59 379
60 383
61 301
62 478
63 381
64 305
65 404
66 206
67 307
68 399
69 212
70 197
71 202
72 102
73 212
74 103
75 200
76 200
77 198
78 199
79 204
80 209
81 305
82 312
83 315
84 212
85 219
86 324
87 197
88 209
89 304
90 219
91 207
92 109
93 198
94 217
95 106
96 101
97 195
98 107
99 201
100 205
101 205
102 100
103 209
104 105
105 110
106 202
107 103
108 201
109 195
110 215
111 108
112 211
113 115
114 221
115 111
116 208
117 190
118 105
119 104
120 112
121 101
122 103
123 108
124 105
125 112
126 99
127 96
128 103
129 100
130 111
131 114
132 109
133 101
134 100
135 108
136 115
137 109
138 106
139 117
140 98
141 106
142 109
143 109
144 103
145 106
146 105
147 100
148 104
149 105
150 108
151 104
152 100
153 103
154 99
155 103
156 99
157 107
158 101
1 254
2 280
3 349
4 515
5 585
6 534
7 444
8 520
9 419
10 457
11 432
12 456
13 449
14 437
15 551
16 543
17 480
18 535
19 472
20 500
21 584
22 590
23 492
24 580
25 487
26 496
27 496
28 483
29 492
30 599
31 501
32 490
33 569
34 594
35 491
36 567
37 462
38 563
39 476
40 467
41 463
42 389
43 487
44 396
45 404
46 288
47 280
48 390
49 285
50 268
51 389
52 188
53 290
54 295
55 200
56 198
57 197
58 284
59 298
60 290
61 305
62 197
63 181
64 201
65 193
66 101
67 193
68 194
69 195
70 202
71 198
72 213
73 94
74 191
75 202
76 205
77 209
78 203
79 205
80 200
81 201
82 202
83 103
84 208
85 115
86 210
87 104
88 191
89 90
90 203
91 198
92 102
93 210
94 103
95 195
96 193
97 220
98 203
99 99
100 209
101 101
102 205
103 100
104 108
105 99
106 93
107 99
108 104
109 109
110 105
111 102
112 214
113 100
114 212
115 107
116 199
117 96
118 216
119 110
120 196
121 108
122 208
123 98
124 198
125 94
126 203
127 204
128 213
129 96
130 201
131 206
132 202
133 203
134 203
135 304
136 212
137 99
138 107
139 111
140 100
141 94
142 105
143 99
144 102
145 108
146 103
147 103
148 111
149 99
150 95
151 103
152 98
153 105
154 105
155 106
156 99
157 97
158 109
159 99
160 104
161 99
162 105
163 108
164 101
165 106
166 104
167 104
168 98
169 100
170 109
171 109
172 102
173 101
174 106
175 103
176 105
177 101
178 99
179 102
180 103
181 105
182 99
183 102
184 212
185 102
186 196
187 106
188 106
189 104
190 105
191 102
192 105
193 95
194 110
195 105
196 106
197 105
198 108
199 100
200 103
201 112
202 106
203 105
204 112
205 105
1 1169
2 1925
3 3250
4 4159
5 5090
6 3535
7 2911
8 2578
9 2886
10 2607
11 2913
12 3230
13 2596
14 2587
15 2588
16 2266
17 1933
18 2593
19 2917
20 2915
21 3248
22 2598
23 2915
24 2266
25 1955
26 1956
27 1966
28 2275
29 1601
30 2274
31 1631
32 2267
33 2275
34 1946
35 1306
36 1313
37 987
38 983
39 663
40 1315
41 989
42 1298
43 1316
44 987
45 986
46 1312
47 658
48 660
1 1163
2 1924
3 3255
4 4541
5 5010
6 3754
7 2800
8 3108
9 2803
10 3058
11 2814
12 2543
13 2147
14 2795
15 2503
16 2568
17 3099
18 2840
19 3182
20 2561
21 2881
22 2489
23 2270
24 1896
25 1928
26 2251
27 1935
28 2267
29 2268
30 2259
31 1954
32 1936
33 1948
34 1615
35 1304
36 1302
37 976
38 975
39 660
40 984
41 982
42 1263
43 1289
44 1944
45 1303
46 979
47 1303
48 1955
49 1637
50 1298
51 1964
52 2275
53 1631
54 986
55 658
56 337
1 1168
2 1940
3 3202
4 4140
5 4718
6 3839
7 3580
8 3184
9 2542
10 2222
11 2889
12 2818
13 2823
14 2512
15 2532
16 2831
17 2554
18 2824
19 2208
20 2829
21 2837
22 2517
23 2510
24 2211
25 1891
26 1575
27 1266
28 1265
29 1254
30 1252
31 1579
32 1253
33 1580
34 1257
35 1903
36 960
37 640
38 635
39 635
40 949
41 944
42 1253
43 951
44 1258
45 948
46 959
47 1275
48 960
49 1584
50 1591
51 1257
52 939
53 947
54 955
55 968
56 324
57 959
58 633
59 645
60 1267
61 971
62 633
63 1271
64 647
65 644
66 638
67 636
68 316
69 323
1 1088
2 2250
3 3382
4 4557
5 5444
6 4839
7 4091
8 2812
9 3183
10 2792
11 2436
12 2635
13 2248
14 2099
15 2009
16 1707
17 2058
18 2037
19 1863
20 1866
21 909
22 1118
23 931
24 579
1 1077
2 2257
3 3267
4 4544
5 5428
6 4829
7 4305
8 3726
9 3371
10 3010
11 2446
12 2637
13 2606
14 2090
15 1698
16 936
17 1324
18 1297
19 1320
20 1906
21 1914
22 1314
23 1568
24 1328
25 1141
26 575
27 788
1 1091
2 2225
3 3359
4 4450
5 5526
6 4868
7 4262
8 3870
9 3404
10 2609
11 2303
12 3157
13 2600
14 2438
15 2655
16 2439
17 2439
18 2238
19 1875
20 2057
21 1491
22 1291
23 933
24 1124
25 1330
26 1315
27 764
28 756
29 586
30 568
31 732
32 567
33 561
34 748
35 560
1 1199
2 1875
3 3230
4 4589
5 5670
6 5364
7 4296
8 3068
9 2429
10 2440
11 2612
12 2430
13 2030
14 1947
15 1489
16 948
17 788
18 955
19 796
20 816
21 810
22 667
23 416
1 1152
2 1992
3 3341
4 4376
5 5904
6 4653
7 4414
8 3623
9 2985
10 3208
11 2679
12 1617
13 1611
14 1630
15 1348
16 1521
17 1224
18 958
19 944
20 1087
21 971
22 688
23 817
24 1102
25 975
26 682
27 666
28 955
29 822
30 833
31 533
1 1214
2 2477
3 3181
4 4568
5 5831
6 5182
7 3847
8 3560
9 3274
10 2698
11 2450
12 2277
13 2063
14 1883
15 1769
16 1240
17 1371
18 1095
19 1236
20 973
21 974
22 1126
23 1257
24 1407
25 1399
26 1141
27 707
1 1199
2 1921
3 3403
4 4496
5 5788
6 4899
7 3202
8 2809
9 2604
10 1780
11 1345
12 1256
13 1122
14 1142
15 894
16 1006
17 908
18 897
19 902
20 765
21 580
1 1094
2 2371
3 3184
4 4714
5 5859
6 5139
7 3369
8 2677
9 2907
10 1790
11 1549
12 1244
13 1230
14 1211
15 1012
16 805
17 765
18 676
1 1089
2 2365
3 3141
4 4528
5 5826
6 5005
7 3962
8 3291
9 2333
10 2795
11 2445
12 2008
13 1448
14 1128
15 781
16 796
17 899
18 893
19 1146
20 895
21 689
22 1044
23 562
24 464
1 1137
2 2248
3 3312
4 4471
5 5789
6 5147
7 4001
8 3278
9 3078
10 2338
11 1271
12 1081
13 900
14 602
15 787
16 1103
17 1076
18 786
19 905
20 793
21 891
22 598
23 482
1 1150
2 2253
3 3212
4 4637
5 5857
6 5013
7 4040
8 3059
9 2055
10 1474
11 1383
12 1381
13 1471
14 1462
15 1381
16 910
17 894
18 599
1 1177
2 2106
3 3376
4 4657
5 5749
6 5107
7 3811
8 3025
9 2152
10 1654
11 1168
12 1279
13 793
14 692
15 1188
16 804
17 802
18 587
1 1144
2 2140
3 3334
4 4624
5 5611
6 4657
7 3659
8 2606
9 2770
10 2473
11 1875
12 1666
13 1597
14 1163
15 897
16 632
1 1146
2 2145
3 3306
4 4567
5 5525
6 4958
7 3541
8 3363
9 2649
10 2518
11 1335
12 803
13 695
1 1104
2 2298
3 3349
4 4578
5 5728
6 4919
7 4047
8 3166
9 2358
10 2359
11 2197
12 1154
13 1267
14 1504
15 1054
16 729
17 1073
18 721
19 620
1 763
2 1365
3 1809
4 2615
5 3114
6 2925
7 2533
8 2483
9 2208
10 1973
11 1632
12 1350
13 1284
14 1186
15 1179
16 1190
17 731
18 820
19 734
20 749
21 817
22 736
23 564
24 473
25 478
26 470
27 367
28 376
29 297
1 784
2 1353
3 1915
4 2586
5 3258
6 2725
7 2635
8 2213
9 2142
10 1785
11 1700
12 1465
13 1531
14 1470
15 1284
16 1281
17 1013
18 1135
19 659
20 571
21 948
22 928
23 953
24 852
25 856
26 746
27 553
28 561
29 384
30 378
31 291
1 781
2 1261
3 1845
4 2576
5 3168
6 2507
7 1664
8 1102
9 933
10 768
11 997
12 1061
13 795
14 1095
15 1992
16 1810
17 1476
18 1114
19 610
20 931
21 730
22 707
23 609
24 392
25 408
26 403
27 400
1 733
2 1355
3 1845
4 2596
5 3231
6 2923
7 2739
8 2044
9 1994
10 1594
11 1404
12 1168
13 765
14 747
15 843
16 861
17 691
18 616
19 515
20 532
21 608
22 514
23 344
1 733
2 1335
3 1859
4 2635
5 3283
6 2901
7 2799
8 2246
9 2210
10 1665
11 1502
12 1113
13 939
14 865
15 604
16 519
17 432
18 610
19 615
20 609
21 427
22 350
1 733
2 1341
3 1861
4 2492
5 3234
6 2903
7 2475
8 2431
9 1907
10 1756
11 1178
12 1096
13 1024
14 780
15 590
16 525
17 610
18 682
19 702
20 340
1 778
2 1271
3 1933
4 2534
5 3270
6 3018
7 2592
8 2094
9 1722
10 1560
11 1438
12 1122
13 730
14 813
15 660
16 570
17 594
18 565
19 582
20 734
21 585
22 601
23 606
24 343
25 166
1 789
2 1255
3 1909
4 2619
5 3302
6 2979
7 2508
8 2275
9 1963
10 1008
11 946
12 892
13 1215
14 875
15 809
16 569
17 662
18 567
19 478
20 480
21 576
22 579
23 412
24 425
25 417
1 788
2 1281
3 1963
4 2607
5 3212
6 2906
7 2766
8 2197
9 1869
10 1658
11 1193
12 1200
13 888
14 806
15 966
16 735
17 734
18 596
19 579
20 426
21 335
1 808
2 1274
3 1913
4 2605
5 3341
6 2520
7 1540
8 757
9 912
10 690
1 794
2 1141
3 1950
4 2540
5 3190
6 2987
7 2616
8 2241
9 1703
10 1109
11 970
12 926
13 995
14 1142
15 758
16 618
17 466
18 392
19 316
1 736
2 1345
3 1964
4 2591
5 3339
6 3025
7 2415
8 2145
9 1794
10 1340
11 1267
12 952
13 707
14 788
15 786
16 807
17 583
18 420
19 331
1 590
2 911
3 1322
4 1804
5 2216
6 1934
7 1869
8 1951
9 1516
10 1298
11 1216
12 1255
13 1105
14 864
15 808
16 717
17 712
18 940
19 639
20 559
21 320
22 467
23 318
24 329
25 315
26 309
27 401
28 328
29 323
30 158
