1 527
2 555
3 1261
4 1349
5 1775
6 1092
7 969
8 975
9 977
10 857
11 852
12 849
13 705
14 720
15 701
16 998
17 836
18 855
19 842
20 1092
21 1100
22 964
23 833
24 983
25 981
26 842
27 966
28 1114
29 979
30 822
31 553
32 558
33 408
34 405
35 265
36 409
37 405
38 413
39 410
40 532
41 533
42 411
43 532
44 406
45 548
46 529
47 538
48 275
49 277
50 142
1 397
2 714
3 807
4 1342
5 1443
6 1054
7 830
8 860
9 723
10 569
11 559
12 695
13 844
14 697
15 706
16 825
17 697
18 692
19 839
20 969
21 960
22 1111
23 972
24 834
25 828
26 835
27 820
28 963
29 953
30 963
31 968
32 816
33 814
34 684
35 682
36 673
37 696
38 543
39 407
40 406
41 408
42 555
43 550
44 559
45 570
46 434
47 442
48 615
49 454
50 617
51 455
52 734
53 572
54 694
55 576
56 444
57 425
58 436
59 438
60 436
61 294
62 429
63 441
64 146
65 439
66 289
67 148
68 294
69 144
70 146
71 289
72 143
73 146
74 287
75 141
76 151
77 284
78 146
79 140
80 287
81 144
82 143
83 144
84 276
85 143
86 286
87 139
88 144
89 277
90 409
91 414
92 539
93 403
94 271
95 401
96 271
97 274
98 263
99 273
100 132
101 136
102 258
103 134
104 136
105 271
106 140
107 136
108 140
109 132
110 133
111 135
112 134
1 390
2 710
3 949
4 1221
5 1481
6 1100
7 690
8 823
9 693
10 692
11 975
12 841
13 690
14 686
15 685
16 805
17 814
18 814
19 954
20 954
21 941
22 1099
23 824
24 826
25 692
26 691
27 690
28 832
29 1105
30 968
31 1105
32 942
33 824
34 681
35 544
36 544
37 403
38 277
39 538
40 535
41 530
42 522
43 541
44 388
45 396
46 389
47 515
48 403
49 267
50 390
51 253
52 260
53 386
54 255
55 380
56 388
57 386
58 389
59 390
60 266
61 527
62 525
63 519
64 513
65 772
66 782
67 378
68 392
69 376
70 254
71 251
72 249
73 245
74 242
75 120
76 120
77 131
78 126
1 397
2 713
3 805
4 1331
5 1484
6 1085
7 955
8 687
9 694
10 690
11 695
12 549
13 830
14 819
15 822
16 827
17 802
18 791
19 786
20 676
21 812
22 951
23 824
24 818
25 951
26 839
27 824
28 820
29 822
30 828
31 819
32 811
33 674
34 538
35 404
36 399
37 400
38 528
39 539
40 535
41 399
42 406
43 665
44 658
45 510
46 523
47 258
48 508
49 379
50 508
51 508
52 507
53 623
54 499
55 501
56 378
57 248
58 127
59 253
60 126
61 251
1 418
2 710
3 820
4 1334
5 1477
6 972
7 830
8 832
9 553
10 719
11 839
12 841
13 558
14 852
15 706
16 844
17 973
18 966
19 976
20 971
21 684
22 837
23 833
24 829
25 696
26 836
27 681
28 822
29 818
30 949
31 957
32 958
33 1091
34 950
35 975
36 552
37 706
38 567
39 699
40 547
41 554
42 549
43 550
44 535
45 405
46 411
47 271
48 284
49 270
50 135
51 137
52 133
1 393
2 698
3 938
4 1190
5 1454
6 939
7 681
8 823
9 698
10 842
11 726
12 893
13 879
14 730
15 869
16 859
17 1016
18 858
19 849
20 849
21 838
22 864
23 808
24 804
25 803
26 795
27 816
28 810
29 801
30 928
31 936
32 780
33 520
34 383
35 265
36 264
37 270
38 384
39 399
40 386
41 390
42 532
43 516
44 389
45 512
46 499
47 501
48 490
49 754
50 498
51 501
52 500
53 499
54 501
55 255
56 266
57 263
58 127
59 132
60 130
1 412
2 723
3 844
4 1242
5 1607
6 940
7 829
8 722
9 697
10 691
11 573
12 843
13 844
14 713
15 843
16 835
17 985
18 828
19 1104
20 831
21 956
22 683
23 683
24 687
25 830
26 840
27 827
28 936
29 1046
30 1073
31 939
32 803
33 527
34 678
35 530
36 538
37 534
38 404
39 538
40 536
41 535
42 405
43 409
44 392
45 413
46 270
47 397
48 267
49 397
50 528
51 531
52 267
53 529
54 398
55 399
56 403
57 405
58 272
59 271
60 275
61 264
62 134
63 276
64 132
65 266
66 136
1 393
2 721
3 956
4 1191
5 1482
6 1068
7 953
8 676
9 692
10 556
11 684
12 677
13 815
14 814
15 816
16 827
17 671
18 811
19 678
20 678
21 828
22 793
23 948
24 953
25 931
26 687
27 679
28 954
29 940
30 959
31 943
32 672
33 684
34 664
35 673
36 535
37 270
38 539
39 267
40 529
41 406
42 408
43 256
44 402
45 395
46 259
47 396
48 523
49 508
50 393
51 651
52 517
53 394
54 264
55 131
56 131
1 513
2 425
3 925
4 1291
5 1551
6 1079
7 803
8 671
9 671
10 824
11 679
12 804
13 966
14 963
15 840
16 841
17 839
18 964
19 823
20 687
21 829
22 692
23 695
24 694
25 696
26 563
27 704
28 864
29 838
30 854
31 956
32 828
33 690
34 696
35 678
36 542
37 416
38 268
39 404
40 399
41 412
42 406
43 272
44 266
45 268
46 402
47 521
48 397
49 523
50 526
51 386
52 380
53 516
54 260
55 266
56 261
57 126
58 124
59 124
1 402
2 706
3 968
4 1203
5 1463
6 1102
7 810
8 685
9 686
10 705
11 555
12 695
13 994
14 983
15 831
16 843
17 973
18 819
19 819
20 848
21 690
22 688
23 829
24 695
25 803
26 948
27 937
28 1058
29 942
30 936
31 941
32 807
33 681
34 671
35 402
36 396
37 403
38 265
39 388
40 399
41 387
42 387
43 379
44 373
45 379
46 501
47 512
48 397
49 393
50 380
51 525
52 521
53 389
54 528
55 523
56 399
57 268
58 530
59 399
60 398
61 526
62 405
63 660
64 388
65 521
66 393
67 526
68 534
69 524
70 266
71 261
72 403
73 270
74 401
75 396
76 401
77 133
78 137
79 137
80 271
81 269
1 405
2 700
3 819
4 1200
5 1591
6 1077
7 803
8 811
9 560
10 676
11 696
12 842
13 834
14 840
15 810
16 701
17 676
18 679
19 822
20 678
21 805
22 798
23 821
24 962
25 809
26 949
27 803
28 799
29 917
30 1188
31 928
32 932
33 674
34 676
35 538
36 513
37 651
38 391
39 394
40 513
41 397
42 394
43 542
44 521
45 390
46 265
47 267
48 285
49 278
50 280
51 138
52 274
53 272
54 411
55 548
56 274
57 401
58 283
59 277
60 416
61 416
62 270
63 268
64 272
65 273
66 138
67 136
68 142
69 133
1 405
2 720
3 824
4 1197
5 1470
6 1222
7 546
8 813
9 698
10 546
11 698
12 845
13 843
14 707
15 825
16 558
17 704
18 706
19 680
20 828
21 833
22 971
23 974
24 846
25 993
26 987
27 830
28 693
29 703
30 839
31 839
32 834
33 1113
34 837
35 691
36 554
37 672
38 536
39 531
40 405
41 270
42 397
43 397
44 532
45 520
46 394
47 513
48 396
49 256
50 270
51 264
52 382
53 258
54 505
55 375
56 516
57 384
58 500
59 377
60 490
61 361
62 484
63 235
64 360
65 355
66 239
67 361
68 478
69 365
70 491
71 493
72 497
73 248
74 249
75 242
76 123
77 120
78 118
79 120
80 121
81 241
1 411
2 579
3 972
4 1226
5 1491
6 1113
7 696
8 821
9 703
10 577
11 847
12 580
13 712
14 838
15 696
16 976
17 850
18 831
19 695
20 687
21 562
22 561
23 684
24 690
25 819
26 700
27 826
28 954
29 684
30 976
31 954
32 824
33 835
34 837
35 556
36 694
37 563
38 553
39 427
40 557
41 427
42 704
43 559
44 567
45 546
46 413
47 428
48 282
49 415
50 272
51 277
52 276
53 274
54 268
55 415
56 418
57 274
58 422
59 404
60 411
61 136
62 268
63 134
64 135
65 277
66 137
67 134
68 270
69 276
70 273
71 274
72 272
73 143
74 419
75 275
76 139
77 142
78 139
79 141
1 392
2 557
3 794
4 1162
5 1314
6 1057
7 805
8 527
9 532
10 541
11 676
12 684
13 673
14 677
15 674
16 540
17 676
18 667
19 816
20 798
21 675
22 686
23 660
24 670
25 660
26 668
27 663
28 528
29 793
30 799
31 940
32 937
33 799
34 671
35 660
36 536
37 531
38 403
39 417
40 546
41 547
42 700
43 423
44 406
45 549
46 543
47 536
48 544
49 530
50 534
51 534
52 404
53 407
54 409
55 271
56 403
57 275
58 417
59 272
60 274
61 275
62 269
63 272
64 283
65 139
66 281
67 135
68 139
69 283
70 135
71 276
72 274
73 139
74 137
75 270
76 138
77 137
78 136
79 131
80 138
81 137
82 266
83 261
84 271
85 267
86 132
87 129
88 266
89 265
90 263
91 267
92 268
93 128
94 130
95 134
96 133
97 131
98 131
99 130
100 128
101 128
1 408
2 570
3 676
4 1130
5 1256
6 1252
7 555
8 697
9 676
10 544
11 683
12 701
13 822
14 680
15 553
16 550
17 827
18 684
19 683
20 686
21 826
22 691
23 810
24 818
25 679
26 826
27 785
28 689
29 698
30 677
31 949
32 850
33 822
34 805
35 810
36 793
37 799
38 669
39 529
40 528
41 393
42 260
43 409
44 261
45 263
46 405
47 389
48 387
49 256
50 257
51 265
52 126
53 263
54 130
55 131
56 255
57 131
58 129
59 130
1 388
2 556
3 810
4 1057
5 1318
6 1071
7 663
8 674
9 538
10 686
11 693
12 689
13 545
14 681
15 676
16 683
17 819
18 967
19 823
20 812
21 681
22 685
23 828
24 816
25 675
26 676
27 809
28 660
29 809
30 669
31 938
32 803
33 803
34 676
35 793
36 664
37 672
38 544
39 549
40 419
41 402
42 532
43 535
44 536
45 407
46 539
47 552
48 414
49 268
50 417
51 418
52 413
53 415
54 417
55 410
56 139
57 404
58 273
59 272
60 403
61 394
62 255
63 259
64 260
65 259
66 255
67 256
68 372
69 382
70 263
71 252
72 382
73 250
74 374
75 259
76 255
77 132
78 257
79 130
80 255
81 392
82 398
83 272
84 260
85 134
86 136
87 137
88 137
89 134
90 138
1 408
2 562
3 679
4 1201
5 1226
6 1073
7 685
8 822
9 554
10 554
11 571
12 571
13 703
14 826
15 853
16 709
17 701
18 693
19 839
20 958
21 964
22 954
23 823
24 695
25 554
26 682
27 548
28 816
29 689
30 809
31 685
32 667
33 675
34 810
35 817
36 822
37 554
38 411
39 555
40 414
41 542
42 550
43 411
44 535
45 516
46 644
47 515
48 517
49 254
50 508
51 402
52 263
53 271
54 262
55 134
56 263
57 126
58 269
59 129
60 263
61 263
62 132
63 135
64 261
65 135
66 268
67 265
68 265
69 133
70 266
71 259
72 267
73 261
74 262
75 268
76 135
77 131
78 135
79 130
1 416
2 436
3 825
4 1083
5 1352
6 956
7 678
8 696
9 704
10 696
11 706
12 563
13 711
14 563
15 688
16 696
17 703
18 698
19 708
20 554
21 703
22 836
23 703
24 704
25 836
26 853
27 705
28 688
29 691
30 692
31 687
32 700
33 703
34 829
35 833
36 689
37 678
38 688
39 551
40 273
41 404
42 410
43 268
44 405
45 397
46 267
47 268
48 263
49 376
50 390
51 384
52 527
53 517
54 525
55 403
56 506
57 518
58 386
59 383
60 511
61 383
62 387
63 393
64 388
65 378
66 377
67 377
68 250
69 371
70 251
71 252
72 376
73 503
74 374
75 382
76 384
77 370
78 391
79 382
80 250
81 138
82 121
83 251
84 128
85 127
86 125
87 251
88 121
89 125
90 126
91 130
92 127
93 129
94 130
95 130
96 129
97 129
1 402
2 565
3 689
4 1096
5 1363
6 971
7 543
8 683
9 578
10 583
11 592
12 587
13 575
14 718
15 717
16 717
17 713
18 710
19 832
20 679
21 701
22 671
23 796
24 684
25 828
26 690
27 684
28 683
29 555
30 686
31 686
32 817
33 832
34 812
35 818
36 686
37 674
38 668
39 685
40 538
41 539
42 408
43 527
44 669
45 393
46 396
47 266
48 400
49 268
50 267
51 268
52 399
53 267
54 264
55 407
56 539
57 539
58 529
59 393
60 396
61 387
62 391
63 393
64 398
65 531
66 529
67 533
68 394
69 397
70 387
71 381
72 385
73 264
74 264
75 259
76 389
77 255
78 263
79 262
80 261
81 253
82 126
83 127
84 127
85 131
1 406
2 562
3 817
4 923
5 1328
6 1086
7 697
8 679
9 543
10 687
11 842
12 833
13 690
14 693
15 826
16 689
17 694
18 707
19 558
20 555
21 696
22 848
23 973
24 828
25 982
26 692
27 688
28 703
29 555
30 834
31 841
32 834
33 675
34 825
35 821
36 692
37 816
38 680
39 570
40 691
41 562
42 673
43 547
44 681
45 413
46 541
47 412
48 416
49 549
50 533
51 536
52 677
53 673
54 685
55 544
56 537
57 670
58 546
59 541
60 666
61 533
62 546
63 523
64 402
65 261
66 400
67 265
68 264
69 265
70 263
71 256
72 131
73 265
74 395
75 134
76 269
77 136
78 269
79 128
80 260
81 132
82 255
83 252
84 257
85 375
86 380
87 135
88 379
89 251
90 140
91 131
92 126
93 127
1 392
2 562
3 827
4 1063
5 1325
6 1074
7 674
8 530
9 668
10 550
11 684
12 555
13 540
14 688
15 560
16 680
17 825
18 818
19 827
20 671
21 545
22 668
23 678
24 794
25 815
26 681
27 807
28 681
29 673
30 551
31 800
32 802
33 793
34 680
35 785
36 666
37 798
38 676
39 534
40 533
41 540
42 403
43 405
44 397
45 268
46 396
47 522
48 267
49 392
50 410
51 401
52 263
53 258
54 127
55 129
56 128
57 256
58 127
1 403
2 564
3 835
4 957
5 1310
6 1071
7 677
8 537
9 666
10 676
11 552
12 682
13 577
14 697
15 690
16 692
17 715
18 564
19 705
20 715
21 705
22 703
23 712
24 839
25 693
26 690
27 680
28 826
29 694
30 697
31 828
32 841
33 819
34 970
35 830
36 679
37 682
38 546
39 548
40 400
41 395
42 399
43 395
44 526
45 524
46 524
47 258
48 390
49 380
50 259
51 252
52 381
53 256
54 384
55 399
56 265
57 258
58 261
59 263
60 264
61 259
62 266
63 394
64 262
65 260
66 265
67 396
68 265
69 267
70 271
71 267
72 530
73 536
74 535
75 660
76 529
77 518
78 522
79 527
80 537
81 524
82 515
83 394
84 387
85 387
86 390
87 396
88 385
89 387
90 127
91 260
92 262
93 381
94 247
95 129
96 258
97 126
98 126
99 256
100 128
1 392
2 533
3 641
4 1023
5 1273
6 1038
7 649
8 655
9 518
10 655
11 654
12 652
13 533
14 665
15 654
16 792
17 650
18 804
19 788
20 787
21 656
22 666
23 787
24 655
25 663
26 784
27 776
28 639
29 782
30 644
31 784
32 648
33 785
34 908
35 779
36 773
37 639
38 659
39 504
40 643
41 513
42 633
43 499
44 496
45 627
46 379
47 372
48 369
49 378
50 510
51 509
52 491
53 494
54 380
55 489
56 377
57 380
58 251
59 370
60 249
61 244
62 252
63 252
64 258
65 256
66 251
67 254
68 250
69 255
70 257
71 258
72 126
73 257
74 125
75 381
76 256
77 256
78 256
79 133
80 127
81 122
82 126
83 128
1 384
2 396
3 919
4 1027
5 1265
6 1023
7 651
8 655
9 523
10 673
11 677
12 666
13 537
14 665
15 667
16 655
17 526
18 523
19 658
20 787
21 789
22 775
23 643
24 658
25 662
26 783
27 653
28 785
29 906
30 785
31 786
32 786
33 788
34 773
35 807
36 794
37 646
38 520
39 513
40 521
41 386
42 505
43 260
44 509
45 508
46 630
47 758
48 624
49 621
50 373
51 369
52 376
53 248
54 386
55 255
56 251
57 257
58 378
59 389
60 384
61 502
62 516
63 394
64 385
65 260
66 259
67 253
68 129
69 247
70 128
71 127
72 124
73 123
1 390
2 394
3 908
4 1024
5 1156
6 1150
7 644
8 517
9 655
10 645
11 535
12 542
13 677
14 669
15 523
16 671
17 528
18 660
19 796
20 665
21 658
22 784
23 657
24 649
25 791
26 667
27 664
28 542
29 541
30 675
31 665
32 766
33 924
34 637
35 796
36 675
37 679
38 686
39 665
40 671
41 533
42 407
43 530
44 400
45 398
46 540
47 643
48 390
49 401
50 259
51 521
52 529
53 655
54 527
55 395
56 390
57 394
58 382
59 380
60 507
61 261
62 516
63 384
64 383
65 397
66 254
67 260
68 254
69 245
70 389
71 254
72 262
73 251
74 125
75 124
76 128
77 132
78 130
1 385
2 405
3 657
4 895
5 1041
6 1164
7 774
8 523
9 523
10 516
11 395
12 538
13 409
14 540
15 525
16 661
17 519
18 646
19 530
20 685
21 777
22 787
23 668
24 656
25 519
26 528
27 520
28 528
29 658
30 658
31 658
32 646
33 513
34 646
35 649
36 641
37 783
38 520
39 644
40 642
41 521
42 514
43 514
44 518
45 390
46 260
47 384
48 388
49 380
50 378
51 499
52 370
53 506
54 379
55 385
56 519
57 514
58 512
59 512
60 389
61 514
62 377
63 386
64 382
65 377
66 513
67 378
68 376
69 389
70 256
71 378
72 365
73 259
74 378
75 252
76 255
77 248
78 258
79 261
80 249
81 253
82 256
83 244
84 242
85 249
86 253
87 127
88 260
89 125
90 245
91 127
92 243
93 261
94 247
95 259
96 256
97 260
98 254
99 264
100 261
101 126
102 251
103 129
104 124
105 135
106 126
107 128
108 128
109 128
110 130
111 128
112 124
113 128
114 128
115 128
116 125
117 127
118 250
119 123
120 127
1 398
2 395
3 523
4 1035
5 1146
6 1025
7 656
8 521
9 533
10 526
11 676
12 548
13 402
14 688
15 547
16 680
17 548
18 538
19 675
20 532
21 673
22 526
23 639
24 502
25 627
26 514
27 644
28 657
29 653
30 635
31 771
32 643
33 634
34 771
35 644
36 900
37 772
38 510
39 635
40 511
41 508
42 383
43 380
44 388
45 256
46 380
47 256
48 136
49 249
50 375
51 376
52 254
53 245
54 390
55 251
56 387
57 127
58 253
59 262
60 253
61 254
62 263
63 126
64 263
65 134
66 261
67 255
68 256
69 126
70 262
71 125
72 252
73 385
74 253
75 253
76 254
77 255
78 382
79 395
80 390
81 377
82 387
83 514
84 385
85 256
86 257
87 265
88 268
89 135
90 269
91 261
92 135
93 133
94 127
95 262
96 133
97 134
98 137
99 133
1 389
2 407
3 539
4 941
5 1087
6 1058
7 783
8 523
9 388
10 396
11 540
12 536
13 542
14 531
15 662
16 535
17 654
18 530
19 543
20 660
21 668
22 540
23 526
24 525
25 398
26 523
27 528
28 527
29 658
30 780
31 670
32 677
33 539
34 781
35 641
36 650
37 765
38 648
39 769
40 636
41 543
42 627
43 404
44 508
45 379
46 255
47 378
48 128
49 254
50 257
51 126
52 262
53 370
54 253
55 253
56 249
57 374
58 366
59 246
60 371
61 243
62 121
63 251
64 244
65 244
66 245
67 244
68 239
69 240
70 358
71 248
72 237
73 247
74 241
75 121
76 237
77 241
78 238
79 365
80 363
81 247
82 124
83 121
84 242
85 119
86 236
87 240
88 120
89 122
90 124
91 117
92 119
93 119
94 122
1 388
2 401
3 647
4 890
5 1168
6 901
7 651
8 526
9 674
10 530
11 536
12 651
13 522
14 669
15 654
16 541
17 530
18 676
19 673
20 668
21 529
22 529
23 656
24 523
25 527
26 670
27 670
28 675
29 533
30 543
31 535
32 674
33 673
34 669
35 656
36 785
37 796
38 774
39 788
40 775
41 667
42 668
43 524
44 631
45 628
46 490
47 631
48 373
49 497
50 370
51 484
52 489
53 482
54 488
55 361
56 362
57 372
58 253
59 366
60 376
61 248
62 364
63 242
64 254
65 124
66 250
67 245
68 372
69 367
70 396
71 249
72 368
73 259
74 377
75 369
76 370
77 372
78 377
79 377
80 376
81 377
82 379
83 251
84 249
85 383
86 508
87 392
88 507
89 392
90 249
91 252
92 265
93 263
94 256
95 261
96 253
97 264
98 263
99 255
100 261
101 254
102 254
103 257
104 126
105 264
106 247
107 259
108 126
109 129
110 265
111 130
112 131
113 127
114 262
115 251
116 123
117 248
118 125
119 250
120 121
121 121
122 125
123 253
124 127
125 128
126 124
127 126
128 130
129 124
1 397
2 416
3 541
4 1032
5 1056
6 1058
7 540
8 534
9 548
10 529
11 534
12 539
13 521
14 546
15 525
16 665
17 670
18 532
19 673
20 652
21 658
22 664
23 408
24 552
25 545
26 549
27 669
28 528
29 794
30 670
31 669
32 663
33 788
34 667
35 702
36 691
37 825
38 681
39 822
40 813
41 668
42 666
43 403
44 534
45 402
46 529
47 526
48 527
49 395
50 633
51 391
52 392
53 386
54 261
55 387
56 516
57 384
58 390
59 378
60 390
61 399
62 406
63 388
64 386
65 529
66 406
67 403
68 401
69 389
70 394
71 261
72 398
73 258
74 382
75 259
76 391
77 257
78 262
79 398
80 255
81 258
82 261
83 380
84 379
85 497
86 373
87 252
88 372
89 250
90 253
91 254
92 127
93 127
94 260
95 126
96 128
97 248
98 254
99 374
100 376
101 511
102 376
103 255
104 132
105 247
106 121
107 256
108 128
109 253
110 256
111 137
112 128
113 121
114 127
115 136
116 128
117 263
118 259
119 256
120 252
121 246
122 129
123 265
124 255
125 265
126 129
127 260
128 257
129 256
130 404
131 128
132 127
133 131
134 133
135 131
136 130
137 135
138 127
139 127
140 119
141 122
1 394
2 410
3 682
4 784
5 1193
6 1173
7 535
8 399
9 520
10 400
11 397
12 540
13 547
14 535
15 679
16 534
17 808
18 652
19 557
20 671
21 683
22 544
23 535
24 669
25 676
26 528
27 672
28 536
29 533
30 668
31 675
32 807
33 671
34 677
35 666
36 812
37 667
38 945
39 818
40 680
41 682
42 669
43 550
44 399
45 543
46 269
47 403
48 409
49 411
50 400
51 398
52 402
53 394
54 271
55 395
56 257
57 266
58 395
59 392
60 398
61 400
62 400
63 406
64 272
65 268
66 270
67 271
68 272
69 278
70 395
71 263
72 265
73 260
74 261
75 131
76 385
77 264
78 389
79 280
80 264
81 132
82 261
83 134
84 271
85 259
86 135
87 264
88 260
89 272
90 133
91 137
92 145
93 139
94 131
95 281
96 135
97 133
98 278
99 138
100 273
101 137
102 275
103 280
104 145
105 283
106 425
107 140
108 136
109 143
110 279
111 146
112 137
113 138
114 136
115 286
116 141
117 146
118 135
119 142
120 142
1 390
2 399
3 776
4 917
5 1054
6 1194
7 549
8 531
9 539
10 409
11 416
12 539
13 544
14 672
15 679
16 679
17 678
18 537
19 688
20 683
21 660
22 811
23 540
24 685
25 686
26 680
27 686
28 669
29 687
30 682
31 404
32 671
33 527
34 534
35 662
36 791
37 655
38 670
39 659
40 537
41 670
42 532
43 395
44 526
45 412
46 403
47 535
48 393
49 535
50 394
51 521
52 396
53 526
54 386
55 528
56 392
57 526
58 403
59 660
60 396
61 527
62 401
63 527
64 402
65 405
66 524
67 400
68 406
69 268
70 274
71 396
72 269
73 394
74 259
75 130
76 137
77 129
78 270
79 129
80 266
81 129
82 266
83 262
84 259
85 130
86 256
87 258
88 130
89 266
90 266
91 256
92 383
93 268
94 252
95 261
96 127
97 259
98 250
99 124
100 247
101 251
102 122
103 248
104 250
105 124
106 260
107 259
108 261
109 135
110 270
111 386
112 258
113 262
114 258
115 262
116 262
117 128
118 137
119 128
120 131
121 128
122 139
123 125
124 127
125 134
1 408
2 414
3 533
4 1060
5 1060
6 1215
7 682
8 544
9 402
10 552
11 554
12 402
13 550
14 697
15 677
16 561
17 547
18 696
19 561
20 813
21 672
22 657
23 544
24 681
25 662
26 672
27 675
28 407
29 664
30 558
31 553
32 668
33 687
34 655
35 800
36 519
37 655
38 520
39 668
40 548
41 553
42 407
43 413
44 398
45 544
46 400
47 387
48 388
49 386
50 268
51 263
52 254
53 394
54 255
55 270
56 393
57 256
58 380
59 254
60 250
61 373
62 246
63 243
64 379
65 246
66 382
67 254
68 387
69 253
70 261
71 262
72 265
73 275
74 396
75 407
76 264
77 408
78 402
79 410
80 268
81 405
82 411
83 397
84 270
85 411
86 269
87 268
88 279
89 267
90 270
91 269
92 137
93 136
94 136
95 136
96 275
97 277
98 134
99 134
100 137
1 402
2 415
3 683
4 907
5 1046
6 1037
7 667
8 537
9 537
10 548
11 543
12 413
13 663
14 674
15 695
16 556
17 679
18 404
19 538
20 409
21 535
22 554
23 541
24 673
25 670
26 554
27 697
28 535
29 670
30 655
31 539
32 792
33 788
34 798
35 667
36 793
37 804
38 934
39 788
40 667
41 806
42 548
43 667
44 519
45 396
46 397
47 262
48 395
49 261
50 396
51 392
52 386
53 264
54 258
55 398
56 521
57 506
58 372
59 512
60 391
61 252
62 258
63 254
64 252
65 130
66 126
67 126
68 122
69 258
70 130
71 261
72 269
73 137
74 130
75 127
76 135
77 133
78 271
79 134
80 135
81 126
82 131
83 140
84 137
85 264
86 130
87 127
88 393
89 274
90 402
91 252
92 129
93 128
94 129
95 261
96 131
97 264
98 131
99 255
100 133
101 129
102 127
103 259
104 126
105 131
106 131
107 127
108 123
1 389
2 404
3 788
4 928
5 1047
6 1055
7 661
8 527
9 521
10 408
11 535
12 404
13 396
14 531
15 540
16 667
17 665
18 810
19 681
20 681
21 814
22 547
23 684
24 696
25 688
26 542
27 683
28 660
29 652
30 649
31 652
32 780
33 647
34 653
35 811
36 654
37 780
38 791
39 663
40 655
41 671
42 537
43 541
44 796
45 533
46 540
47 406
48 526
49 395
50 399
51 395
52 253
53 529
54 385
55 397
56 388
57 380
58 249
59 383
60 129
61 125
62 250
63 123
64 128
1 407
2 406
3 669
4 922
5 1155
6 1038
7 519
8 650
9 528
10 543
11 536
12 531
13 671
14 534
15 677
16 535
17 800
18 795
19 654
20 673
21 667
22 802
23 663
24 538
25 525
26 543
27 688
28 674
29 677
30 817
31 823
32 815
33 803
34 681
35 672
36 672
37 825
38 813
39 672
40 675
41 539
42 539
43 400
44 528
45 382
46 385
47 397
48 396
49 396
50 525
51 398
52 268
53 260
54 383
55 251
56 392
57 273
58 262
59 261
60 266
61 266
62 395
63 528
64 397
65 268
66 384
67 255
68 384
69 370
70 252
71 253
72 127
73 247
74 123
75 251
76 127
77 252
78 256
79 251
80 252
81 127
82 137
83 251
84 126
85 130
86 259
87 135
88 130
89 255
90 260
91 126
92 134
93 130
94 131
95 259
96 130
97 129
98 255
99 135
100 264
101 131
102 257
103 255
104 258
105 133
106 125
107 130
108 260
109 265
110 265
111 385
112 259
113 267
114 259
115 260
116 134
117 134
118 134
119 261
120 134
121 263
122 263
123 264
124 405
125 134
126 273
127 269
128 266
129 274
130 265
131 136
132 136
133 125
134 267
135 131
136 255
137 133
138 130
139 267
140 400
141 257
142 272
143 256
144 270
145 268
146 276
147 270
148 269
149 128
150 266
151 135
152 134
153 257
154 129
155 131
156 135
157 131
158 271
159 271
160 135
161 261
162 130
163 264
164 127
165 127
166 133
167 133
168 129
169 127
170 131
171 133
172 136
173 134
1 401
2 402
3 668
4 1046
5 1054
6 1067
7 789
8 400
9 539
10 556
11 549
12 540
13 543
14 548
15 547
16 670
17 788
18 822
19 808
20 806
21 686
22 542
23 687
24 691
25 528
26 692
27 692
28 681
29 668
30 674
31 670
32 680
33 547
34 539
35 688
36 678
37 669
38 672
39 539
40 679
41 539
42 653
43 658
44 529
45 522
46 533
47 400
48 533
49 658
50 660
51 653
52 532
53 661
54 546
55 534
56 407
57 539
58 397
59 401
60 394
61 391
62 403
63 404
64 528
65 525
66 533
67 544
68 539
69 546
70 410
71 415
72 135
73 267
74 265
75 388
76 264
77 268
78 271
79 414
80 273
81 409
82 273
83 409
84 257
85 266
86 268
87 127
88 391
89 262
90 264
91 262
92 261
93 129
94 262
95 129
96 265
97 259
98 134
99 137
100 129
101 134
102 262
103 132
104 265
105 270
106 264
107 273
108 263
109 129
110 130
111 126
112 128
113 124
1 378
2 392
3 529
4 904
5 1154
6 895
7 642
8 528
9 516
10 514
11 527
12 395
13 532
14 652
15 538
16 660
17 530
18 541
19 539
20 529
21 682
22 659
23 655
24 663
25 544
26 399
27 538
28 660
29 681
30 520
31 652
32 654
33 787
34 667
35 647
36 639
37 773
38 775
39 769
40 639
41 774
42 508
43 522
44 392
45 526
46 246
47 375
48 498
49 250
50 377
51 127
52 247
53 244
54 245
55 245
56 121
57 243
58 248
59 242
60 244
61 362
62 482
63 474
64 354
65 358
66 115
67 238
68 117
69 237
70 126
71 238
72 118
73 242
74 242
75 118
76 122
77 238
78 120
79 121
80 125
81 124
82 121
83 123
84 121
85 119
86 250
87 242
88 243
89 252
90 248
91 246
92 242
93 248
94 255
95 133
96 258
97 125
98 250
99 254
100 242
101 250
102 251
103 124
104 131
105 123
106 128
107 127
108 126
109 250
110 122
111 124
112 255
113 257
114 252
115 265
116 260
117 128
118 258
119 125
120 125
121 133
122 256
123 259
124 252
125 264
126 127
127 253
128 253
129 285
130 398
131 387
132 141
133 261
134 260
135 123
136 261
137 138
138 130
139 131
140 135
141 131
142 125
143 258
144 258
145 127
146 251
147 127
148 126
149 129
150 126
151 131
152 126
153 130
154 129
155 126
156 133
157 134
158 130
159 266
160 135
161 135
162 126
163 125
164 127
165 135
166 123
167 129
168 130
169 127
170 138
171 130
172 125
1 376
2 395
3 636
4 754
5 1039
6 925
7 803
8 534
9 379
10 516
11 390
12 642
13 518
14 652
15 387
16 520
17 392
18 525
19 392
20 659
21 655
22 652
23 657
24 666
25 672
26 660
27 664
28 531
29 661
30 535
31 660
32 537
33 655
34 543
35 668
36 534
37 679
38 538
39 661
40 645
41 649
42 660
43 789
44 634
45 518
46 517
47 652
48 520
49 652
50 527
51 387
52 395
53 251
54 392
55 265
56 136
57 261
58 131
59 256
60 390
61 252
62 386
63 249
64 385
65 252
66 254
67 249
68 124
69 375
70 251
71 378
72 262
73 264
74 376
75 379
76 497
77 248
78 506
79 506
80 389
81 402
82 265
83 391
84 406
85 406
86 260
87 394
88 267
89 268
90 534
91 267
92 526
93 401
94 398
95 397
96 257
97 404
98 129
99 139
100 132
101 261
102 253
103 259
104 130
105 265
106 132
107 130
108 270
109 135
110 272
111 133
112 255
113 127
114 270
115 127
116 129
117 131
118 126
119 127
120 127
121 128
1 399
2 275
3 666
4 917
5 1033
6 1030
7 644
8 517
9 525
10 390
11 521
12 410
13 404
14 664
15 534
16 530
17 515
18 649
19 526
20 516
21 517
22 671
23 525
24 672
25 526
26 666
27 803
28 658
29 643
30 510
31 761
32 527
33 671
34 515
35 634
36 506
37 512
38 646
39 771
40 653
41 764
42 654
43 657
44 519
45 512
46 527
47 523
48 512
49 384
50 519
51 388
52 266
53 129
54 268
55 130
56 258
57 246
58 253
59 255
60 378
61 266
62 268
63 401
64 395
65 275
66 406
67 269
68 271
69 283
70 273
71 262
72 128
73 282
74 270
75 129
76 405
77 257
78 264
79 260
80 132
81 260
82 127
83 390
84 259
85 264
86 388
87 254
88 253
89 120
90 124
91 124
92 125
93 123
94 122
