1 1163
2 1924
3 3207
4 4115
5 5072
6 3502
7 3196
8 2884
9 2568
10 2574
11 2259
12 2546
13 2536
14 2219
15 3190
16 3493
17 2865
18 2861
19 2554
20 2564
21 3202
22 2881
23 2557
24 2226
25 1598
26 1925
27 2559
28 1920
29 2240
30 1923
31 1596
32 1599
33 1923
34 1652
35 1352
36 1281
37 968
38 644
1 1209
2 2024
3 3011
4 4664
5 5671
6 3355
7 3359
8 3692
9 2988
10 3021
11 2703
12 3040
13 3714
14 2363
15 3037
16 3040
17 2695
18 2686
19 2346
20 3015
21 3600
22 3019
23 3011
24 2348
25 2348
26 2347
27 1679
28 1676
29 1344
30 1343
31 1343
32 1008
33 1008
34 1007
35 674
36 1344
37 673
38 1007
39 1343
40 1326
41 1309
42 1000
43 1343
44 1008
45 1347
46 680
47 339
1 1191
2 1999
3 3335
4 4292
5 5306
6 3310
7 2990
8 2666
9 2999
10 3349
11 3687
12 3341
13 2678
14 2659
15 3261
16 2999
17 2655
18 2323
19 2652
20 2651
21 3327
22 3311
23 2980
24 2660
25 1659
26 1331
27 1328
28 995
29 1655
30 1996
31 1990
32 1639
33 1965
34 1999
35 1663
36 1660
37 663
38 996
39 991
40 999
41 992
42 667
1 1162
2 2206
3 3626
4 4553
5 5700
6 4867
7 4539
8 3364
9 2916
10 2357
11 2373
12 2748
13 2492
14 2603
15 2660
16 2234
17 1881
18 1611
19 1394
20 1466
21 1183
22 1375
23 989
24 993
25 1206
26 986
27 826
28 818
29 808
30 1197
31 1427
32 1049
33 1282
34 1261
35 1224
36 1247
37 851
38 899
39 403
1 1151
2 2112
3 3392
4 4714
5 5908
6 4947
7 4828
8 3874
9 2647
10 3192
11 2783
12 3310
13 2908
14 2594
15 2160
16 2215
17 1863
18 2598
19 1724
20 2025
21 2329
22 2533
23 1869
24 1425
25 583
26 422
1 1161
2 2220
3 3450
4 4655
5 5743
6 4490
7 4664
8 3831
9 2969
10 2709
11 2316
12 2463
13 2474
14 3059
15 2803
16 2982
17 2091
18 1716
19 1631
20 1604
21 1887
22 2351
23 1891
24 1857
25 1299
26 1400
27 1444
28 1331
29 640
30 613
1 812
2 1273
3 1772
4 2494
5 2841
6 2029
7 1656
8 1498
9 1540
10 1654
11 1507
12 1516
13 1882
14 1702
15 1688
16 1651
17 1422
18 1642
19 1367
20 1650
21 1668
22 1794
23 1885
24 1850
25 1793
26 1270
27 792
28 1060
29 647
30 800
31 881
32 610
33 813
34 828
35 986
36 1023
37 793
38 639
39 1180
40 1195
41 1087
42 896
43 399
44 616
45 877
46 597
47 199
48 478
49 405
50 451
51 442
52 203
53 246
