1 1201
2 2058
3 3037
4 4660
5 5339
6 3695
7 2688
8 3021
9 2359
10 2360
11 3056
12 3044
13 3043
14 2700
15 3059
16 2721
17 3371
18 3022
19 3040
20 3026
21 4024
22 3011
23 2688
24 2351
25 2351
26 2019
27 1697
28 1683
29 2015
30 2015
31 2015
32 1685
33 2004
34 1684
35 1358
36 1357
37 1363
38 1359
39 1020
40 1356
41 1363
42 1023
43 1024
44 679
45 1359
46 1020
47 682
48 682
49 1021
50 1359
51 1019
52 1368
53 682
54 1027
55 1020
56 1019
57 1020
58 1019
59 1023
60 1362
61 1700
62 1360
63 1703
64 1705
65 1025
66 680
1 1204
2 2022
3 3369
4 4319
5 5254
6 3572
7 3252
8 3307
9 3251
10 3012
11 2645
12 2907
13 2616
14 3065
15 2711
16 2717
17 2734
18 3061
19 3072
20 2716
21 3058
22 3061
23 2376
24 2039
25 1700
26 1359
27 1019
28 1359
29 680
30 1019
31 1019
32 1020
33 1020
34 1351
35 1355
36 1015
37 1013
38 1354
39 673
40 682
41 1015
42 666
43 1013
44 1008
45 654
46 1009
47 676
1 1194
2 2021
3 3383
4 4350
5 5027
6 3692
7 3032
8 3702
9 3033
10 2697
11 3027
12 3388
13 3050
14 2700
15 3719
16 4052
17 2700
18 2356
19 2371
20 3023
21 3020
22 3031
23 3359
24 2356
25 1347
26 1350
27 1347
28 1345
29 1686
30 1687
31 1685
32 1696
33 1684
34 1351
35 1353
36 1689
37 1016
38 1019
39 1016
40 1359
41 1020
42 679
43 342
1 1166
2 2215
3 3630
4 4554
5 5720
6 4888
7 4403
8 3269
9 2874
10 2917
11 3205
12 2997
13 2734
14 3252
15 2785
16 2404
17 2311
18 2039
19 2212
20 2316
21 2184
22 2036
23 2174
24 2464
25 1431
26 1207
27 1282
28 1081
29 1016
30 439
1 1166
2 2264
3 3294
4 4707
5 5997
6 4929
7 4299
8 2885
9 3500
10 3070
11 2686
12 2629
13 2706
14 2811
15 2466
16 2457
17 2068
18 2283
19 1976
20 1779
21 1764
22 1991
23 1350
24 976
25 1009
26 598
1 1146
2 2405
3 3229
4 4707
5 5507
6 4760
7 4316
8 3537
9 3103
10 2619
11 2527
12 2267
13 2677
14 2944
15 2482
16 1884
17 2363
18 2824
19 1785
20 1853
21 2271
22 2108
23 1967
24 1883
25 1402
26 1820
27 1499
28 1626
29 1127
30 674
31 694
32 590
33 653
34 910
35 821
36 1465
37 1727
38 1724
39 1205
40 619
41 615
1 786
2 1319
3 1714
4 2618
5 3006
6 1984
7 1867
1 801
2 1316
3 1795
4 2495
5 3172
6 1859
7 1699
1 794
2 1034
3 1888
4 2570
5 2901
6 1958
7 1586
1 886
2 1053
3 1805
4 2688
5 3087
6 1792
7 1677
1 813
2 1272
3 1847
4 2615
5 2997
6 2393
7 1623
8 2011
9 2065
10 1902
11 1873
12 1522
13 4748
14 3882
15 2371
16 2052
17 1603
18 3713
19 2219
20 1671
21 1329
22 1417
23 1528
24 1571
25 1419
26 1385
27 909
28 1555
29 1104
1 862
2 1101
3 1992
4 2436
5 3022
6 2168
7 2041
8 1696
9 1707
1 670
2 786
3 1314
4 1785
5 2347
6 1494
7 1323
1 693
2 763
3 1128
4 1857
5 2248
6 1435
7 914
1 536
2 945
3 1549
4 1747
5 2167
6 1432
7 1323
1 632
2 805
3 1460
4 1774
5 2100
6 1651
7 1491
8 1155
1 633
2 842
3 1348
4 1945
5 2055
6 1442
7 1284
8 1259
9 1293
1 645
2 834
3 1320
4 1758
5 2160
6 1426
7 1101
1 504
2 705
3 1020
4 1495
5 1882
6 1174
7 819
1 487
2 663
3 1146
4 1456
5 1743
6 1141
7 972
1 499
2 701
3 1009
4 1482
5 1776
6 1291
7 801
1 564
2 454
3 1182
4 1431
5 1586
6 1269
7 879
1 572
2 448
3 1194
4 1294
5 1880
6 1018
7 866
1 564
2 443
3 1143
4 1416
5 1683
6 1272
7 980
1 439
2 614
3 892
4 1015
5 1420
6 1150
7 704
1 436
2 615
3 755
4 1308
5 1417
6 1127
7 696
1 447
2 623
3 765
4 1312
5 1438
6 1134
7 860
8 716
1 405
2 538
3 922
4 1292
5 1398
6 1053
7 784
1 410
2 560
3 934
4 1148
5 1576
6 928
7 792
1 405
2 569
3 797
4 1300
5 1280
6 1031
7 787
1 398
2 436
3 820
4 1056
5 1179
6 1154
7 526
1 403
2 423
3 785
4 1063
5 1180
6 1047
7 652
1 400
2 407
3 797
4 1071
5 1280
6 1037
7 649
1 406
2 405
3 920
4 1004
5 1212
6 875
7 621
1 394
2 413
3 802
4 1106
5 1251
6 1003
7 638
1 388
2 562
3 673
4 1084
5 1296
6 1131
7 635
8 516
1 396
2 421
3 677
4 910
5 1011
6 1159
7 648
8 531
1 401
2 422
3 685
4 802
5 1164
6 1049
7 641
8 642
1 389
2 427
3 701
4 937
5 1041
6 1180
7 666
8 547
1 374
2 413
3 769
4 864
5 1096
6 962
7 702
8 584
1 377
2 397
3 771
4 856
5 1199
6 827
7 604
1 379
2 395
3 766
4 855
5 1203
6 930
7 592
1 378
2 402
3 506
4 890
5 1002
6 992
7 629
8 515
1 388
2 398
3 502
4 868
5 962
6 979
7 605
1 382
2 408
3 516
4 881
5 994
6 866
7 626
8 377
1 376
2 399
3 515
4 861
5 1088
6 984
7 600
8 624
1 377
2 399
3 511
4 865
5 1085
6 835
7 721
8 495
1 378
2 413
3 514
4 843
5 1071
6 839
7 731
8 489
1 367
2 269
3 651
4 630
5 1007
6 870
7 501
8 489
1 385
2 273
3 537
4 875
5 875
6 871
7 746
8 498
1 379
2 267
3 524
4 874
5 851
6 879
7 751
8 510
1 361
2 264
3 654
4 760
5 848
6 861
7 605
8 362
1 362
2 272
3 648
4 759
5 860
6 852
7 733
8 510
1 359
2 269
3 645
4 756
5 840
6 954
7 611
8 386
1 369
2 286
3 395
4 773
5 868
6 869
7 620
8 377
1 360
2 269
3 523
4 636
5 965
6 731
7 610
8 361
1 369
2 281
3 527
4 633
5 873
6 851
7 636
8 487
1 366
2 272
3 529
4 639
5 869
6 858
7 521
8 502
1 351
2 272
3 526
4 762
5 757
6 871
7 619
8 491
1 260
2 420
3 536
4 764
5 867
6 903
7 617
8 373
1 262
2 423
3 392
4 775
5 769
6 765
7 637
8 509
1 254
2 430
3 411
4 669
5 894
6 762
7 629
8 387
1 270
2 442
3 408
4 548
5 944
6 653
7 790
8 390
9 515
1 266
2 419
3 421
4 662
5 758
6 772
7 784
8 400
9 398
1 263
2 439
3 406
4 659
5 774
6 897
7 650
8 398
9 399
1 265
2 434
3 412
4 659
5 909
6 640
7 645
8 386
1 257
2 310
3 589
4 557
5 661
6 778
7 661
8 544
9 409
1 265
2 295
3 541
4 561
5 806
6 668
7 657
8 552
9 275
1 265
2 294
3 542
4 680
5 785
6 794
7 530
8 394
9 395
1 279
2 301
3 581
4 551
5 785
6 662
7 661
8 402
9 542
1 266
2 290
3 573
4 658
5 790
6 773
7 520
8 523
9 257
1 271
2 293
3 571
4 559
5 809
6 673
7 650
8 403
9 277
1 270
2 309
3 439
4 541
5 675
6 671
7 654
8 401
9 394
1 278
2 311
3 433
4 570
5 564
6 719
7 689
8 557
9 414
10 280
1 273
2 319
3 452
4 438
5 700
6 690
7 716
8 583
9 424
10 272
1 272
2 298
3 431
4 412
5 832
6 549
7 718
8 425
9 417
10 406
1 270
2 289
3 418
4 546
5 661
6 655
7 672
8 413
9 408
1 271
2 303
3 287
4 581
5 698
6 661
7 662
8 521
9 414
10 429
11 277
1 270
2 306
3 282
4 552
5 680
6 691
7 539
8 553
9 399
1 268
2 297
3 288
4 556
5 683
6 543
7 691
8 418
9 440
10 291
1 273
2 292
3 289
4 551
5 675
6 548
7 679
8 411
9 425
10 407
1 280
2 303
3 285
4 578
5 565
6 697
7 551
8 557
9 441
10 417
1 277
2 292
3 303
4 578
5 563
6 699
7 558
8 548
9 424
10 284
1 271
2 301
3 284
4 569
5 700
6 567
7 712
8 560
9 275
10 419
1 278
2 148
3 459
4 570
5 580
6 563
7 551
8 550
9 401
10 408
1 277
2 160
3 461
4 450
5 705
6 563
7 576
8 570
9 428
10 276
1 273
2 152
3 461
4 432
5 711
6 562
7 564
8 550
9 408
10 413
1 274
2 298
3 289
4 535
5 523
6 663
7 511
8 521
9 385
10 261
1 272
2 298
3 286
4 544
5 537
6 664
7 534
8 540
9 401
10 275
1 278
2 147
3 439
4 552
5 673
6 529
7 535
8 544
9 276
10 414
1 272
2 164
3 444
4 564
5 546
6 537
7 676
8 408
9 566
10 262
11 271
1 276
2 151
3 434
4 554
5 540
6 685
7 534
8 532
9 400
10 268
1 272
2 162
3 454
4 416
5 650
6 532
7 651
8 532
9 404
10 286
1 1193
2 1989
3 3320
4 4234
5 5196
6 3279
7 2932
8 2615
9 3603
10 3281
11 2619
12 2947
13 3607
14 3278
15 2292
16 2628
17 2291
18 2619
19 2623
20 2952
21 2955
22 3604
23 2951
24 2296
25 1973
26 1340
27 1008
28 995
29 648
30 654
31 329
1 1200
2 1988
3 3355
4 4335
5 5696
6 3031
7 3380
8 2698
9 3396
10 2721
11 2719
12 3391
13 2720
14 2379
15 2715
16 3394
17 3048
18 2372
19 2706
20 3044
21 3381
22 3371
23 3036
24 2355
25 1686
26 1691
27 1697
28 1359
29 1344
30 1355
31 1691
32 2371
33 2364
34 2031
35 1698
36 1014
37 1019
38 1015
39 1368
40 1011
41 1019
42 676
43 1019
44 1025
45 1022
46 680
47 680
48 1020
49 679
