1 283
2 292
3 289
4 562
5 698
6 686
7 547
8 555
9 279
10 440
11 285
12 294
13 289
14 422
15 289
16 291
17 411
18 278
19 437
20 417
21 578
22 424
23 422
24 422
25 431
26 421
27 425
28 417
29 277
30 274
31 289
32 296
33 295
34 280
35 425
36 414
37 272
38 413
39 280
40 421
41 423
42 554
43 275
44 418
45 277
46 427
47 277
48 422
49 289
50 287
51 417
52 416
53 274
54 416
55 438
56 559
57 433
58 438
59 564
60 420
61 575
62 308
63 445
64 572
65 289
66 432
67 272
68 409
69 270
70 412
71 271
72 403
73 268
74 404
75 271
76 422
77 268
78 274
79 425
80 267
81 273
82 277
83 282
84 266
85 287
86 266
87 136
88 272
89 272
90 263
91 294
92 142
93 410
94 267
95 286
96 396
97 272
98 132
99 143
100 276
101 132
102 274
103 133
104 272
105 267
106 141
107 261
108 134
109 276
110 266
111 265
112 277
113 137
114 269
115 136
116 133
117 132
118 135
119 124
120 130
121 129
122 122
123 255
124 127
125 263
126 254
127 138
128 266
129 252
130 262
131 262
132 263
133 394
134 261
135 387
136 262
137 280
138 270
139 397
140 260
141 272
142 265
143 271
144 282
145 269
146 252
147 268
148 141
149 258
150 263
151 264
152 127
153 258
154 130
155 251
156 267
157 385
158 256
159 377
160 255
161 131
162 267
163 126
164 124
165 264
166 123
167 124
168 127
169 261
170 255
171 254
172 254
173 254
174 259
175 256
176 260
177 260
178 259
179 255
180 258
181 262
182 255
183 265
184 253
185 251
186 251
187 256
188 131
189 260
190 260
191 132
192 260
193 267
194 128
195 271
196 259
197 139
198 259
199 122
200 123
201 248
202 125
203 120
204 124
205 133
206 125
207 125
208 138
209 126
210 124
211 245
212 132
213 126
214 248
215 122
216 258
217 124
218 127
219 127
220 127
221 128
222 126
223 126
224 132
225 133
226 135
227 135
228 124
229 126
230 124
231 124
232 125
233 126
234 125
235 134
236 126
237 129
238 126
239 123
240 124
241 123
242 122
243 124
244 126
245 126
246 125
1 275
2 297
3 292
4 571
5 567
6 687
7 564
8 553
9 425
10 285
11 303
12 309
13 435
14 144
15 419
16 280
17 278
18 418
19 434
20 448
21 446
22 293
23 306
24 445
25 441
26 284
27 305
28 441
29 438
30 441
31 303
32 439
33 432
34 449
35 606
36 292
37 435
38 293
39 287
40 425
41 286
42 426
43 287
44 421
45 294
46 426
47 420
48 434
49 432
50 436
51 304
52 436
53 433
54 429
55 293
56 442
57 438
58 442
59 441
60 439
61 592
62 446
63 576
64 432
65 435
66 416
67 281
68 427
69 416
70 301
71 285
72 278
73 278
74 277
75 274
76 133
77 277
78 281
79 279
80 290
81 423
82 138
83 415
84 278
85 139
86 282
87 145
88 271
89 137
90 275
91 134
92 287
93 138
94 279
95 137
96 292
97 141
98 276
99 140
100 276
101 139
102 138
103 278
104 139
105 134
106 135
107 135
108 137
109 274
110 272
111 134
112 272
113 267
114 396
115 401
116 396
117 131
118 267
119 289
120 269
121 279
122 148
123 271
124 132
125 134
126 136
127 139
128 137
129 269
130 138
131 133
132 283
133 135
134 142
135 148
136 137
137 137
138 133
139 132
140 137
141 138
142 134
143 136
144 138
145 137
146 147
147 145
148 136
149 137
150 137
151 138
152 132
153 135
154 137
155 143
156 140
157 142
158 147
159 142
160 143
161 134
162 133
163 140
164 139
165 134
166 140
167 139
168 134
169 138
170 141
171 140
172 136
173 134
174 135
175 136
176 137
177 138
178 134
179 141
180 139
181 137
182 133
183 132
184 126
185 126
186 130
187 126
188 128
189 140
190 129
191 126
192 127
193 128
194 129
195 132
196 131
197 138
198 129
199 128
200 127
201 130
202 127
203 129
204 131
205 127
206 127
207 127
208 129
209 126
210 127
211 139
212 141
213 131
214 130
215 137
216 128
217 133
218 134
219 126
220 130
221 128
222 132
223 127
224 126
225 129
226 128
227 129
228 123
229 128
230 130
231 124
232 122
233 128
234 126
235 122
236 126
237 122
238 131
239 125
240 127
241 138
242 126
243 126
244 126
245 136
246 121
247 128
248 134
249 130
250 128
251 136
252 137
253 131
254 128
255 128
256 129
257 126
258 127
259 129
1 273
2 298
3 293
4 566
5 703
6 573
7 547
8 548
9 420
10 280
11 415
12 284
13 282
14 436
15 414
16 279
17 431
18 416
19 446
20 428
21 299
22 418
23 281
24 277
25 268
26 415
27 286
28 423
29 429
30 279
31 412
32 408
33 421
34 280
35 423
36 436
37 439
38 415
39 404
40 409
41 277
42 412
43 297
44 402
45 406
46 266
47 401
48 268
49 397
50 282
51 419
52 272
53 410
54 420
55 406
56 400
57 407
58 401
59 402
60 409
61 414
62 553
63 409
64 414
65 407
66 405
67 404
68 435
69 411
70 271
71 272
72 407
73 283
74 411
75 266
76 260
77 401
78 260
79 265
80 393
81 263
82 395
83 282
84 392
85 283
86 129
87 256
88 386
89 380
90 261
91 265
92 258
93 127
94 264
95 380
96 251
97 388
98 258
99 258
100 126
101 248
102 249
103 244
104 244
105 245
106 245
107 247
108 248
109 123
110 260
111 244
112 123
113 384
114 255
115 262
116 277
117 276
118 266
119 262
120 128
121 256
122 136
123 259
124 251
125 249
126 254
127 252
128 124
129 250
130 127
131 257
132 122
133 254
134 134
135 259
136 137
137 265
138 266
139 253
140 251
141 125
142 256
143 126
144 127
145 125
146 123
147 128
148 128
149 124
150 135
151 250
152 134
153 257
154 132
155 263
156 129
157 258
158 127
159 248
160 378
161 255
162 125
163 253
164 245
165 255
166 123
167 264
168 120
169 121
170 242
171 120
172 129
173 242
174 119
175 118
176 124
177 123
178 240
179 120
180 120
181 124
182 122
183 124
184 122
185 125
186 118
187 122
188 128
189 121
190 119
191 124
192 124
193 118
194 127
195 126
196 121
197 118
198 121
199 115
200 123
201 117
202 121
203 115
204 122
205 114
206 125
207 115
208 111
209 115
210 116
211 114
212 117
213 129
214 126
215 114
216 116
1 277
2 151
3 443
4 569
5 576
6 597
7 547
8 533
9 401
10 275
11 441
12 286
13 405
14 269
15 282
16 281
17 273
18 271
19 409
20 267
21 409
22 404
23 279
24 407
25 268
26 427
27 413
28 276
29 407
30 412
31 269
32 409
33 267
34 271
35 416
36 423
37 412
38 413
39 282
40 560
41 425
42 428
43 436
44 413
45 422
46 424
47 552
48 428
49 282
50 296
51 414
52 432
53 277
54 292
55 282
56 439
57 419
58 566
59 431
60 425
61 565
62 280
63 420
64 417
65 271
66 394
67 271
68 273
69 400
70 279
71 278
72 139
73 268
74 144
75 272
76 133
77 275
78 134
79 268
80 132
81 275
82 132
83 272
84 132
85 132
86 269
87 127
88 262
89 270
90 260
91 265
92 258
93 267
94 261
95 259
96 261
97 129
98 258
99 130
100 258
101 131
102 129
103 139
104 135
105 130
106 271
107 259
108 251
109 135
110 258
111 132
112 131
113 129
114 131
115 130
116 131
117 131
118 262
119 137
120 130
121 252
122 132
123 257
124 259
125 262
126 132
127 282
128 147
129 281
130 136
131 263
132 129
133 268
134 132
135 271
136 286
137 140
138 280
139 132
140 260
141 142
142 132
143 139
144 138
145 258
146 135
147 129
148 129
149 135
150 140
151 143
152 130
153 134
154 134
155 130
156 129
157 134
158 130
159 128
160 129
161 133
162 128
163 130
164 134
165 129
166 129
167 129
168 127
169 129
170 128
171 124
172 137
173 274
174 128
175 127
176 253
177 258
178 132
179 251
180 125
181 130
182 141
183 132
184 134
185 125
186 121
187 123
188 125
189 121
190 124
191 121
192 125
193 134
194 124
195 135
196 120
197 124
198 120
199 124
200 131
201 123
202 127
203 137
204 128
205 129
206 126
207 124
208 124
209 123
210 128
211 128
212 130
213 129
1 279
2 155
3 446
4 581
5 556
6 553
7 684
8 427
9 419
10 287
11 435
12 137
13 426
14 277
15 282
16 422
17 280
18 278
19 442
20 281
21 424
22 285
23 419
24 431
25 431
26 287
27 420
28 292
29 417
30 284
31 411
32 275
33 413
34 278
35 281
36 451
37 288
38 294
39 292
40 423
41 410
42 412
43 422
44 428
45 283
46 438
47 432
48 424
49 272
50 414
51 276
52 278
53 417
54 427
55 283
56 292
57 431
58 430
59 416
60 290
61 438
62 443
63 429
64 414
65 420
66 421
67 429
68 422
69 418
70 277
71 419
72 418
73 273
74 418
75 278
76 406
77 417
78 280
79 414
80 404
81 406
82 406
83 280
84 423
85 409
86 277
87 421
88 138
89 415
90 279
91 270
92 135
93 264
94 268
95 271
96 135
97 267
98 265
99 270
100 266
101 134
102 274
103 136
104 135
105 269
106 139
107 135
108 134
109 269
110 133
111 135
112 148
113 270
114 274
115 132
116 265
117 135
118 278
119 262
120 271
121 263
122 263
123 273
124 133
125 134
126 146
127 136
128 135
129 269
130 136
131 135
132 132
133 271
134 278
135 268
136 137
137 266
138 131
139 261
140 263
141 132
142 259
143 267
144 127
145 270
146 133
147 266
148 261
149 262
150 269
151 134
152 278
153 264
154 127
155 264
156 134
157 270
158 131
159 141
160 272
161 130
162 132
163 128
164 132
165 131
166 127
167 128
168 128
169 144
170 137
171 127
172 127
173 129
174 127
175 138
176 135
177 134
178 128
179 261
180 129
181 136
182 281
183 139
184 268
185 134
186 131
187 132
188 133
189 144
190 137
191 137
192 131
193 138
194 138
195 135
196 134
197 130
198 130
199 147
200 136
201 138
202 134
203 135
204 136
205 150
206 138
207 135
208 143
209 140
210 132
211 134
212 136
213 132
214 127
215 131
216 134
217 124
218 131
219 134
220 131
221 129
222 142
223 139
224 134
225 129
226 137
1 280
2 153
3 452
4 567
5 569
6 690
7 581
8 570
9 421
10 287
11 282
12 272
13 282
14 283
15 286
16 139
17 410
18 275
19 409
20 275
21 416
22 276
23 415
24 285
25 410
26 280
27 417
28 414
29 289
30 428
31 278
32 280
33 407
34 438
35 282
36 273
37 412
38 275
39 420
40 408
41 279
42 408
43 417
44 409
45 274
46 409
47 286
48 416
49 277
50 413
51 418
52 409
53 410
54 271
55 405
56 278
57 277
58 414
59 279
60 435
61 442
62 442
63 407
64 422
65 414
66 426
67 414
68 409
69 418
70 277
71 422
72 274
73 271
74 272
75 271
76 287
77 276
78 147
79 138
80 280
81 131
82 267
83 147
84 274
85 142
86 269
87 133
88 137
89 265
90 132
91 145
92 389
93 265
94 131
95 263
96 275
97 127
98 261
99 131
100 129
101 130
102 128
103 133
104 130
105 132
106 138
107 135
108 139
109 131
110 128
111 140
112 141
113 126
114 140
115 130
116 127
117 128
118 127
119 126
120 129
121 128
122 263
123 123
124 128
125 140
126 266
127 129
128 127
129 126
130 247
131 122
132 124
133 129
134 254
135 124
136 122
137 266
138 123
139 253
140 252
141 126
142 127
143 259
144 128
145 132
146 136
147 126
148 253
149 127
150 252
151 124
152 127
153 248
154 124
155 122
156 126
157 123
158 126
159 130
160 125
161 126
162 124
163 128
164 126
165 124
166 127
167 124
168 125
169 126
170 124
171 125
172 123
173 123
174 121
175 128
176 124
177 250
178 121
179 131
180 126
181 133
182 126
183 130
184 125
185 127
186 128
187 133
188 130
189 134
190 132
191 131
192 132
193 137
194 127
195 124
196 140
197 138
198 123
199 143
200 135
201 141
202 139
203 131
204 129
205 136
206 135
207 131
208 133
209 135
210 130
211 122
212 135
213 132
214 144
215 142
216 143
217 135
218 131
219 132
220 125
221 132
222 127
223 127
224 126
225 131
226 130
227 130
1 275
2 309
3 277
4 542
5 519
6 653
7 525
8 544
9 534
10 273
11 277
12 287
13 267
14 408
15 270
16 410
17 269
18 411
19 278
20 395
21 275
22 266
23 403
24 279
25 414
26 274
27 276
28 279
29 427
30 290
31 274
32 401
33 267
34 398
35 538
36 403
37 398
38 415
39 412
40 549
41 408
42 406
43 421
44 415
45 411
46 436
47 405
48 409
49 266
50 545
51 282
52 394
53 393
54 284
55 400
56 422
57 537
58 402
59 399
60 405
61 530
62 399
63 387
64 394
65 403
66 412
67 401
68 411
69 414
70 398
71 391
72 397
73 396
74 274
75 273
76 268
77 272
78 398
79 268
80 277
81 268
82 266
83 266
84 263
85 273
86 133
87 268
88 265
89 276
90 257
91 132
92 135
93 131
94 267
95 131
96 132
97 261
98 129
99 264
100 126
101 259
102 132
103 262
104 132
105 131
106 133
107 133
108 260
109 128
110 130
111 128
112 127
113 136
114 130
115 130
116 126
117 128
118 140
119 128
120 128
121 138
122 138
123 135
124 141
125 277
126 133
127 132
128 272
129 133
130 269
131 140
132 265
133 273
134 396
135 272
136 266
137 402
138 140
139 276
140 270
141 285
142 289
143 149
144 136
145 280
146 138
147 145
148 274
149 135
150 148
151 138
152 139
153 146
154 266
155 132
156 133
157 265
158 131
159 128
160 135
161 129
162 129
163 139
164 133
165 131
166 132
167 133
168 127
169 130
170 128
171 131
172 132
173 132
174 132
175 127
176 128
177 129
178 126
179 129
180 128
181 128
182 125
183 124
184 130
185 123
186 125
187 125
188 124
189 121
190 121
191 132
192 134
193 123
194 121
195 133
196 125
197 120
198 125
199 125
200 129
201 137
202 129
203 125
204 123
205 129
206 133
207 127
208 127
209 126
210 128
211 129
212 126
213 125
214 126
215 128
216 123
217 121
218 124
219 124
1 269
2 299
3 285
4 556
5 538
6 680
7 535
8 564
9 394
10 405
11 276
12 271
13 264
14 282
15 274
16 278
17 280
18 402
19 278
20 392
21 409
22 411
23 421
24 291
25 563
26 399
27 270
28 400
29 526
30 401
31 406
32 413
33 417
34 404
35 272
36 264
37 398
38 278
39 284
40 400
41 265
42 400
43 272
44 261
45 401
46 404
47 409
48 276
49 402
50 266
51 282
52 409
53 398
54 393
55 396
56 403
57 391
58 391
59 391
60 389
61 278
62 391
63 388
64 400
65 403
66 271
67 415
68 263
69 387
70 258
71 386
72 253
73 254
74 259
75 253
76 267
77 253
78 251
79 248
80 250
81 258
82 247
83 253
84 125
85 254
86 135
87 368
88 248
89 249
90 127
91 254
92 256
93 249
94 255
95 143
96 257
97 254
98 127
99 246
100 255
101 247
102 260
103 253
104 124
105 263
106 256
107 130
108 142
109 141
110 136
111 256
112 131
113 137
114 267
115 133
116 255
117 126
118 269
119 266
120 263
121 259
122 263
123 257
124 392
125 262
126 265
127 261
128 267
129 131
130 271
131 135
132 279
133 279
134 133
135 263
136 281
137 278
138 269
139 132
140 264
141 139
142 270
143 259
144 138
145 264
146 137
147 264
148 134
149 266
150 134
151 263
152 128
153 124
154 261
155 370
156 248
157 129
158 255
159 260
160 259
161 262
162 263
163 247
164 260
165 257
166 143
167 127
168 254
169 129
170 128
171 136
172 145
173 130
174 129
175 133
176 125
177 122
178 126
179 127
180 132
181 130
182 126
183 118
184 121
185 133
186 119
187 123
188 118
189 125
190 125
191 124
192 121
193 120
194 125
195 134
196 121
197 121
198 127
199 129
200 134
201 121
202 114
203 120
204 117
205 121
206 121
207 124
208 127
209 121
210 124
1 277
2 311
3 301
4 432
5 682
6 674
7 544
8 540
9 406
10 271
11 409
12 266
13 267
14 277
15 130
16 411
17 284
18 281
19 419
20 273
21 269
22 412
23 272
24 399
25 278
26 540
27 407
28 409
29 425
30 423
31 414
32 270
33 406
34 426
35 265
36 411
37 404
38 278
39 395
40 271
41 405
42 276
43 281
44 401
45 272
46 404
47 271
48 408
49 277
50 412
51 278
52 269
53 284
54 410
55 280
56 412
57 403
58 406
59 562
60 432
61 412
62 415
63 558
64 417
65 410
66 435
67 286
68 422
69 414
70 273
71 281
72 268
73 273
74 282
75 271
76 401
77 131
78 402
79 255
80 401
81 270
82 271
83 394
84 264
85 264
86 271
87 272
88 270
89 135
90 261
91 274
92 270
93 268
94 268
95 273
96 274
97 277
98 275
99 140
100 272
101 136
102 283
103 142
104 148
105 145
106 142
107 145
108 291
109 130
110 131
111 257
112 271
113 267
114 132
115 253
116 127
117 136
118 130
119 125
120 125
121 249
122 131
123 123
124 245
125 119
126 242
127 124
128 122
129 125
130 128
131 127
132 132
133 122
134 123
135 124
136 130
137 129
138 124
139 121
140 121
141 120
142 121
143 131
144 120
145 120
146 127
147 127
148 120
149 122
150 124
151 127
152 124
153 117
154 123
155 245
156 119
157 122
158 122
159 128
160 123
161 126
162 125
163 127
164 253
165 257
166 252
167 130
168 244
169 259
170 122
171 260
172 128
173 245
174 122
175 129
176 129
177 122
178 238
179 121
180 117
181 121
182 132
183 123
184 117
185 244
186 122
187 243
188 119
189 123
190 122
191 120
192 126
193 117
194 122
195 121
196 126
197 124
198 124
199 129
200 130
201 123
202 123
203 119
204 121
205 123
206 131
207 129
208 123
209 125
1 279
2 157
3 444
4 566
5 578
6 553
7 688
8 565
9 280
10 420
11 278
12 277
13 274
14 272
15 414
16 276
17 419
18 411
19 275
20 419
21 431
22 288
23 431
24 421
25 433
26 293
27 286
28 429
29 289
30 418
31 289
32 432
33 286
34 297
35 286
36 430
37 270
38 418
39 428
40 284
41 287
42 285
43 417
44 432
45 424
46 427
47 424
48 427
49 422
50 440
51 281
52 277
53 416
54 270
55 275
56 408
57 288
58 422
59 429
60 289
61 425
62 423
63 406
64 401
65 537
66 399
67 404
68 538
69 399
70 427
71 416
72 275
73 280
74 273
75 268
76 279
77 271
78 271
79 274
80 275
81 132
82 276
83 139
84 285
85 268
86 278
87 268
88 143
89 136
90 139
91 265
92 131
93 144
94 263
95 137
96 272
97 254
98 133
99 265
100 136
101 261
102 264
103 134
104 257
105 131
106 258
107 135
108 262
109 144
110 128
111 263
112 128
113 266
114 136
115 129
116 127
117 265
118 129
119 256
120 130
121 136
122 136
123 128
124 255
125 129
126 126
127 134
128 251
129 256
130 126
131 395
132 127
133 268
134 261
135 263
136 132
137 260
138 125
139 270
140 133
141 262
142 128
143 258
144 124
145 258
146 124
147 245
148 128
149 248
150 128
151 258
152 245
153 252
154 247
155 253
156 383
157 133
158 267
159 250
160 258
161 135
162 258
163 134
164 126
165 260
166 135
167 129
168 128
169 130
170 126
171 127
172 259
173 127
174 129
175 131
176 133
177 133
178 126
179 128
180 137
181 134
182 130
183 127
184 133
185 124
186 133
187 129
188 126
189 255
190 124
191 130
192 128
193 135
194 128
195 126
196 128
197 128
198 133
199 127
200 134
201 130
202 126
203 131
204 128
205 127
206 124
207 125
208 130
209 141
210 132
211 134
212 130
213 127
214 130
215 135
216 130
217 136
218 130
219 130
220 131
221 131
222 135
223 129
224 138
225 134
226 127
227 128
228 126
229 131
230 128
231 130
232 129
233 124
234 126
235 126
236 136
1 284
2 154
3 457
4 564
5 554
6 543
7 580
8 683
9 418
10 273
11 285
12 300
13 282
14 289
15 279
16 277
17 284
18 424
19 423
20 279
21 281
22 425
23 286
24 289
25 408
26 418
27 277
28 420
29 287
30 285
31 416
32 432
33 415
34 431
35 295
36 413
37 290
38 432
39 281
40 426
41 287
42 423
43 282
44 282
45 409
46 416
47 415
48 562
49 427
50 288
51 416
52 412
53 283
54 414
55 436
56 289
57 414
58 277
59 428
60 406
61 428
62 414
63 411
64 413
65 398
66 411
67 408
68 282
69 276
70 414
71 413
72 281
73 296
74 418
75 268
76 398
77 274
78 278
79 273
80 270
81 271
82 272
83 277
84 148
85 141
86 282
87 286
88 135
89 140
90 267
91 135
92 134
93 145
94 142
95 135
96 263
97 138
98 143
99 269
100 136
101 272
102 134
103 398
104 270
105 268
106 285
107 136
108 270
109 258
110 261
111 130
112 262
113 276
114 267
115 261
116 410
117 277
118 267
119 267
120 271
121 262
122 265
123 264
124 271
125 273
126 134
127 268
128 285
129 139
130 273
131 137
132 135
133 270
134 142
135 133
136 145
137 265
138 138
139 269
140 137
141 266
142 128
143 136
144 261
145 259
146 127
147 264
148 138
149 270
150 132
151 133
152 131
153 131
154 270
155 133
156 133
157 267
158 130
159 134
160 271
161 132
162 130
163 127
164 128
165 134
166 130
167 128
168 135
169 137
170 131
171 129
172 129
173 129
174 131
175 129
176 129
177 130
178 127
179 128
180 129
181 128
182 117
183 123
184 124
185 121
186 118
187 118
188 119
1 289
2 160
3 454
4 434
5 710
6 568
7 552
8 573
9 420
10 423
11 264
12 290
13 289
14 276
15 417
16 286
17 269
18 279
19 276
20 421
21 271
22 292
23 289
24 429
25 288
26 285
27 283
28 428
29 284
30 287
31 423
32 283
33 279
34 420
35 404
36 401
37 399
38 402
39 403
40 276
41 407
42 280
43 279
44 280
45 276
46 410
47 287
48 279
49 290
50 283
51 406
52 419
53 412
54 280
55 421
56 422
57 423
58 419
59 423
60 407
61 412
62 413
63 429
64 415
65 279
66 420
67 285
68 284
69 136
70 262
71 271
72 275
73 268
74 282
75 275
76 133
77 275
78 271
79 282
80 277
81 270
82 405
83 261
84 263
85 255
86 269
87 257
88 256
89 273
90 267
91 265
92 259
93 262
94 261
95 262
96 263
97 261
98 268
99 263
100 266
101 262
102 264
103 272
104 130
105 262
106 269
107 265
108 135
109 385
110 268
111 272
112 394
113 385
114 269
115 405
116 275
117 407
118 281
119 407
120 269
121 280
122 274
123 263
124 271
125 284
126 281
127 297
128 287
129 290
130 276
131 141
132 287
133 134
134 283
135 287
136 141
137 281
138 289
139 139
140 143
141 291
142 146
143 150
144 140
145 289
146 141
147 141
148 284
149 132
150 137
151 134
152 280
153 138
154 138
155 288
156 140
157 278
158 136
159 137
160 140
161 137
162 277
163 135
164 275
165 283
166 287
167 134
168 132
169 136
170 281
171 139
172 136
173 144
174 133
175 276
176 135
177 135
178 273
179 141
180 135
181 133
182 142
183 135
184 130
185 127
186 130
187 143
188 133
189 130
190 135
191 131
192 129
193 133
194 139
195 130
196 134
197 130
198 137
199 132
200 126
201 123
202 126
203 123
204 121
205 120
206 122
207 126
208 126
209 128
210 130
211 127
212 133
213 120
214 125
215 127
216 126
217 131
218 125
219 123
220 120
221 123
222 133
223 140
224 134
225 125
226 125
227 126
228 122
229 124
230 127
231 125
232 125
1 1218
2 2044
3 3447
4 4400
5 5374
6 3699
7 3012
8 2687
9 3364
10 3056
11 3731
12 3396
13 3051
14 3060
15 2715
16 2719
17 3050
18 3128
19 2363
20 2680
21 3343
22 3348
23 2687
24 2368
25 2026
26 2033
27 2420
28 2446
29 1696
30 2012
31 1689
32 1699
33 1704
34 1707
35 2039
36 2387
37 1705
38 2383
39 2723
40 2381
41 1703
42 1710
43 1368
44 1031
45 1032
46 1032
47 686
48 1032
49 1031
50 1032
51 1031
52 1375
53 1369
54 1031
55 1371
56 1357
57 1709
58 1364
59 1357
60 1019
61 1019
62 1020
63 1027
64 688
1 1235
2 2077
3 3099
4 4759
5 5083
6 3763
7 3456
8 3129
9 3134
10 3126
11 3132
12 2432
13 2774
14 3465
15 2783
16 3115
17 3135
18 2423
19 2416
20 3110
21 3111
22 3447
23 3444
24 3112
25 2756
26 2746
27 2060
28 2066
29 1039
30 1031
31 1035
32 1375
33 692
34 1035
35 1031
36 1036
37 688
38 690
39 1041
40 1036
41 695
42 1031
43 1036
44 695
45 695
46 348
47 695
48 687
49 692
1 1169
2 1862
3 3142
4 4366
5 4962
6 3729
7 2808
8 2782
9 3105
10 2496
11 3115
12 3128
13 3430
14 2500
15 2198
16 2492
17 2815
18 2495
19 2483
20 2812
21 2815
22 2814
23 2487
24 2176
25 1868
26 1876
27 1859
28 1887
29 1560
30 1555
31 2176
32 1567
33 1867
34 1552
35 1555
36 936
37 1243
38 935
39 936
40 624
41 623
1 1272
2 1537
3 3146
4 4669
5 5202
6 3676
7 3646
8 3652
9 2635
10 2962
11 3427
12 2633
13 2139
14 2148
15 2905
16 2917
17 2623
18 3124
19 2935
20 2928
21 2603
22 2144
23 1603
24 1592
25 1579
26 1864
27 1297
28 1256
29 1292
30 787
31 800
32 1043
33 744
1 1158
2 2001
3 3615
4 4720
5 5946
6 4627
7 4312
8 3896
9 2988
10 3006
11 2987
12 2352
13 2779
14 2297
15 2215
16 1790
17 2089
18 1966
19 1743
20 1370
21 1177
22 1029
23 1000
24 1199
25 1337
26 1353
27 1019
28 578
29 557
1 1377
2 2582
3 3304
4 4654
5 5991
6 5061
7 4354
8 3475
9 3356
10 2953
11 2202
12 2102
13 2955
14 3469
15 2563
16 2319
17 2080
18 1216
19 1598
20 1769
21 1607
22 1625
23 1448
24 1016
25 595
26 849
1 1176
2 2073
3 3362
4 4338
5 5669
6 4704
7 3601
8 3446
9 2671
10 2568
11 2164
12 2626
13 2637
14 2525
15 2034
16 1803
17 2077
18 2025
19 1702
20 1368
21 1185
22 724
23 730
24 729
1 1171
2 2068
3 3380
4 4391
5 5349
6 4533
7 4009
8 3473
9 2755
10 2682
11 2436
12 2434
13 3131
14 2532
15 2375
16 2034
17 1860
18 1858
19 2179
20 1273
21 1118
22 928
23 1075
24 1474
25 1314
26 753
27 724
28 554
29 745
30 546
31 761
32 527
33 559
34 743
35 711
36 753
37 920
38 552
39 327
1 1234
2 1797
3 3393
4 4456
5 5678
6 4793
7 4170
8 3297
9 2234
10 2663
11 2931
12 2639
13 2982
14 2201
15 2019
16 1279
17 1095
18 1281
19 1450
20 1103
21 1294
22 1241
23 1461
24 1086
25 1044
26 1110
27 1491
28 1424
29 1298
30 1414
31 1566
32 1784
33 1115
34 720
35 909
36 546
1 1169
2 2149
3 3325
4 4677
5 5778
6 4922
7 3730
8 3391
9 2454
10 2357
11 2806
12 2490
13 2037
14 2192
15 1965
16 1562
17 1541
18 1398
19 950
20 635
1 1218
2 1967
3 3409
4 4747
5 5776
6 4868
7 3798
8 3122
9 2737
10 2520
11 2705
12 1972
13 1237
14 1329
15 1638
16 1931
17 1543
18 1247
19 927
20 921
21 618
1 1208
2 2112
3 3225
4 4588
5 5652
6 4654
7 3866
8 3571
9 2811
10 2036
11 2149
12 2603
13 2607
14 2599
15 2139
16 1538
17 1246
18 1537
19 1396
20 1692
21 1864
22 1414
23 1227
24 2303
25 2292
26 1684
27 1033
28 450
1 1222
2 1962
3 3525
4 4677
5 5453
6 5214
7 3881
8 2681
9 2664
10 2945
11 2545
12 1824
13 1105
14 1109
15 1123
16 -335
17 1254
18 1262
19 1128
20 814
21 984
22 996
23 1109
24 806
25 701
26 276
1 1198
2 2145
3 3464
4 4802
5 5715
6 6321
7 4543
8 3028
9 2536
10 2526
11 2111
12 1700
13 1925
14 1669
15 1673
16 970
17 937
18 1193
19 1381
20 822
21 924
22 659
1 1214
2 2122
3 3385
4 4858
5 5978
6 4702
7 4007
8 3164
9 2799
10 2981
11 2312
12 1808
13 1728
14 1481
15 1274
16 1515
17 1499
18 1463
19 1240
20 1269
21 1489
22 1397
23 943
24 1073
25 1235
26 1432
27 816
28 416
1 1143
2 2319
3 3448
4 4741
5 5820
6 5105
7 3422
8 3146
9 2920
10 2513
11 2434
12 2368
13 1985
14 1438
15 1065
16 1191
17 944
18 697
1 1227
2 2165
3 3430
4 4727
5 5675
6 4997
7 4168
8 3368
9 3092
10 2546
11 1822
12 1556
13 1431
14 1470
15 944
16 959
17 806
18 936
19 916
20 804
21 679
22 673
23 646
24 665
25 676
26 683
1 1150
2 2412
3 3395
4 4642
5 5800
6 4848
7 4161
8 2489
9 2391
10 3119
11 2538
12 2246
13 1569
14 1588
15 1462
16 1703
17 1322
18 1419
19 1176
20 925
21 1127
22 380
1 772
2 1287
3 1993
4 2647
5 3161
6 2619
7 2256
8 2223
9 2015
10 1781
11 1347
12 1763
13 1857
14 1778
15 1900
16 1464
17 1028
18 783
19 930
20 1206
21 1076
22 802
23 1078
24 1198
25 1318
26 1313
27 1343
28 1225
29 826
30 670
31 680
32 395
33 681
34 408
35 415
36 540
37 544
38 548
39 407
40 268
41 414
42 265
43 263
1 790
2 1287
3 1933
4 2647
5 3330
6 2566
7 2042
8 2035
9 1759
10 1895
11 1500
12 1904
13 1761
14 1646
15 1229
16 1517
17 1227
18 1206
19 922
20 799
21 817
22 667
23 667
24 533
25 664
26 541
27 792
28 916
29 902
30 922
31 1096
32 1098
33 833
34 686
35 977
36 280
37 556
38 553
39 577
40 707
41 683
42 551
43 562
44 692
45 425
46 705
47 560
48 580
49 290
50 433
1 798
2 1332
3 2009
4 2810
5 3294
6 2574
7 2152
8 1786
9 1779
10 1675
11 1617
12 1597
13 1603
14 1356
15 1328
16 1464
17 1064
18 913
19 806
20 1101
21 1184
22 1220
23 1097
24 962
25 821
26 917
27 1090
28 1084
29 781
30 797
31 684
32 786
33 659
34 958
35 928
36 969
37 798
38 931
39 554
40 274
41 689
42 563
43 564
44 273
1 879
2 1135
3 2089
4 2613
5 3405
6 2823
7 2367
8 1945
9 2071
10 1788
11 1685
12 1285
13 2075
14 1831
15 1316
16 1180
17 1177
18 1402
19 1166
20 904
21 888
22 770
23 893
24 1033
25 772
26 525
27 528
28 530
29 524
30 269
31 389
32 385
33 629
34 640
35 771
36 752
37 645
38 764
39 756
40 610
41 755
42 631
43 395
44 251
1 865
2 1242
3 1951
4 2679
5 3272
6 2662
7 2531
8 2160
9 2181
10 1687
11 1177
12 1691
13 1626
14 1616
15 1536
16 1148
17 1152
18 1270
19 1715
20 1517
21 1238
22 878
23 511
24 631
25 511
26 772
27 778
28 643
29 785
30 387
31 393
32 389
33 648
34 393
35 395
36 636
37 383
38 393
39 520
40 630
41 383
42 257
1 844
2 1188
3 2038
4 2580
5 3243
6 2766
7 2509
8 2145
9 1946
10 1722
11 1475
12 1322
13 1590
14 1877
15 1981
16 1569
17 1200
18 1199
19 1300
20 1192
21 917
22 1171
23 1298
24 1336
25 1320
26 1166
27 921
28 826
29 966
30 1084
31 1211
32 1066
33 825
34 792
35 801
36 660
37 804
38 936
39 939
40 789
41 394
42 537
43 530
44 535
45 408
46 551
47 564
48 557
49 551
50 415
51 694
52 687
53 426
54 417
55 273
1 843
2 1325
3 1957
4 2719
5 3455
6 2735
7 2366
8 2089
9 2000
10 2156
11 1543
12 1587
13 1618
14 1756
15 1449
16 1340
17 1332
18 1265
19 1576
20 1315
21 1208
22 1062
23 1575
24 1356
25 1318
26 1007
27 421
28 565
29 417
1 842
2 1242
3 2151
4 2586
5 3538
6 2988
7 2495
8 2114
9 1967
10 1851
11 1931
12 1824
13 1786
14 1923
15 1538
16 1532
17 1394
18 1182
19 1197
20 1460
21 1279
22 1192
23 820
24 672
25 689
26 815
27 820
28 806
29 783
30 776
31 798
32 853
33 813
34 523
35 788
36 912
37 799
38 777
39 771
40 1175
41 782
42 667
43 647
44 542
45 527
46 271
47 132
1 860
2 1621
3 2144
4 2691
5 3498
6 2925
7 2415
8 1931
9 1879
10 2379
11 1437
12 1557
13 1557
14 1837
15 1736
16 1729
17 1338
18 1206
19 966
20 817
21 535
22 665
23 670
24 556
25 534
26 664
27 792
28 658
29 638
30 907
31 788
32 760
33 628
34 383
35 377
36 248
1 836
2 1447
3 2011
4 2766
5 3571
6 3077
7 2571
8 2131
9 2188
10 1741
11 1878
12 1490
13 1695
14 1425
15 1690
16 995
17 1228
18 1068
19 983
20 1009
21 948
22 666
23 722
24 686
25 944
26 815
27 1184
28 1136
29 787
30 917
31 754
32 653
33 390
34 389
35 391
36 504
37 646
38 548
39 512
40 524
41 498
42 646
43 510
44 633
45 655
46 379
1 797
2 1331
3 2165
4 2719
5 3367
6 2899
7 2330
8 2077
9 1592
10 1607
11 1724
12 1315
13 1165
14 1324
15 1727
16 1455
17 1191
18 945
19 931
20 898
21 680
22 674
23 541
24 668
25 532
26 641
27 522
28 658
29 672
30 533
31 656
32 629
33 504
34 632
35 381
36 391
37 384
38 763
39 621
40 264
41 254
42 243
43 234
1 807
2 1280
3 2075
4 2630
5 3551
6 2682
7 2676
8 2224
9 1860
10 1458
11 1893
12 1726
13 1586
14 1709
15 1329
16 1189
17 1170
18 929
19 795
20 1198
21 1263
22 1073
23 855
24 802
25 680
26 674
27 690
28 719
29 898
30 686
31 564
32 287
33 611
34 484
35 489
36 642
37 311
38 433
39 567
40 268
1 589
2 996
3 1370
4 1853
5 2192
6 1639
7 1444
8 1316
9 1323
10 1307
11 1319
12 1207
13 1602
14 1294
15 1312
16 1087
17 933
18 1101
19 1539
20 1269
21 1052
22 1043
23 949
24 1206
25 1011
26 945
27 802
28 819
29 544
30 567
31 792
32 764
33 782
34 883
35 528
36 515
37 523
38 676
39 541
40 403
41 270
42 257
43 380
44 265
45 122
1 724
2 934
3 1444
4 1944
5 2298
6 1564
7 1450
8 1351
9 1476
10 1368
11 1509
12 1331
13 1375
14 1228
15 1180
16 1330
17 1087
18 1346
19 1417
20 1346
21 933
22 931
23 994
24 824
25 948
26 1176
27 1115
28 1099
29 926
30 1016
31 896
32 1038
33 725
34 869
35 673
36 391
37 382
38 121
1 608
2 878
3 1528
4 1865
5 2128
6 1821
7 1500
8 1478
9 1360
10 1417
11 1375
12 1233
13 1326
14 1218
15 1089
16 1332
17 1041
18 1018
19 1425
20 1309
21 1069
22 883
23 781
24 907
25 525
26 779
27 517
28 794
29 669
30 659
31 770
32 939
33 1063
34 951
35 658
36 522
37 405
38 404
39 410
40 529
41 570
42 683
43 695
44 796
45 680
46 544
47 400
48 400
49 521
50 259
51 408
52 408
53 528
54 411
55 396
56 266
57 268
58 276
59 264
60 269
1 593
2 851
3 1561
4 1939
5 2182
6 1692
7 1639
8 1388
9 1193
10 1629
11 1158
12 1369
13 1513
14 1208
15 1328
16 1182
17 1326
18 1382
19 1419
20 1169
21 1432
22 1234
23 706
24 562
25 543
26 678
27 1078
28 691
29 731
30 743
31 604
32 468
33 601
34 449
35 614
36 318
37 489
38 301
39 308
40 301
41 318
1 603
2 978
3 1409
4 1845
5 2385
6 1546
7 1414
8 1550
9 1312
10 1517
11 1374
12 1346
13 1045
14 1158
15 1176
16 1169
17 1088
18 1079
19 1151
20 1630
21 1635
22 1235
23 1082
24 766
25 662
26 677
27 825
28 541
29 549
30 592
31 408
32 426
33 425
34 455
35 426
36 735
37 565
38 571
39 576
40 447
41 594
42 559
43 437
44 305
45 293
46 293
1 606
2 1105
3 1459
4 2000
5 2359
6 1990
7 1535
8 1394
9 1257
10 1329
11 1185
12 1460
13 1549
14 1488
15 1624
16 1216
17 946
18 1078
19 1572
20 1591
21 1334
22 1197
23 1077
24 1080
25 932
26 685
27 740
28 833
29 803
30 618
31 501
32 640
33 537
34 520
35 620
36 518
37 383
38 377
39 389
40 247
41 261
1 623
2 883
3 1604
4 2103
5 2299
6 1619
7 1535
8 1504
9 1532
10 1062
11 966
12 1124
13 1070
14 1612
15 1251
16 1240
17 1157
18 989
19 1135
20 1147
21 1461
22 1294
23 1386
24 953
25 703
26 725
27 768
28 727
29 869
30 741
31 701
32 792
33 794
34 679
35 561
36 560
37 688
38 692
39 631
40 497
41 524
42 520
43 501
44 392
45 379
46 502
47 635
48 494
49 380
50 392
51 416
52 411
53 272
54 280
1 628
2 864
3 1497
4 2004
5 2210
6 1653
7 1211
8 1270
9 1612
10 1256
11 1148
12 1339
13 1364
14 828
15 1144
16 1376
17 1222
18 1135
19 1375
20 1381
21 1404
22 1335
23 1482
24 1388
25 1333
26 1030
27 872
28 1032
29 1018
30 1006
31 603
32 603
33 437
34 438
35 534
36 416
37 685
38 551
39 413
40 537
41 544
42 522
43 565
44 663
45 684
46 574
47 560
48 578
49 562
50 826
51 918
52 400
53 528
54 612
55 440
56 286
57 415
58 422
59 281
60 141
61 282
1 655
2 1002
3 1465
4 1951
5 2186
6 1671
7 1385
8 1316
9 1048
10 1241
11 1198
12 1094
13 1280
14 1426
15 1429
16 1254
17 1081
18 1082
19 1226
20 1220
21 1368
22 1340
23 1333
24 1182
25 1191
26 1159
27 1036
28 1130
29 1001
30 851
31 721
32 864
33 588
34 590
35 750
36 598
37 584
38 734
39 575
40 713
41 582
42 724
43 720
44 571
45 569
46 438
47 433
48 440
49 291
50 292
51 287
1 582
2 1068
3 1434
4 2007
5 2313
6 1838
7 1419
8 1289
9 1268
10 1281
11 1401
12 1548
13 1257
14 994
15 1030
16 872
17 868
18 1128
19 979
20 1518
21 1252
22 1240
23 1249
24 1209
25 931
26 947
27 943
28 1081
29 946
30 809
31 548
32 541
33 547
34 563
35 668
36 541
37 542
38 554
39 400
40 399
41 400
42 532
43 633
44 523
45 401
46 399
47 266
48 517
49 398
50 541
51 667
52 653
53 262
54 409
55 129
56 381
57 246
58 247
59 384
60 388
61 266
62 394
63 398
64 392
65 267
66 249
67 127
1 616
2 806
3 1476
4 1883
5 2234
6 1711
7 1140
8 1291
9 1453
10 1318
11 1173
12 1029
13 1158
14 1442
15 1336
16 1445
17 1315
18 1159
19 1179
20 1157
21 1431
22 1402
23 1128
24 990
25 1007
26 721
27 576
28 571
29 703
30 715
31 711
32 554
33 551
34 817
35 827
36 690
37 693
38 529
39 548
40 543
41 542
42 405
43 147
44 139
1 610
2 964
3 1500
4 1856
5 2302
6 1804
7 1530
8 1165
9 1152
10 1314
11 891
12 1177
13 1438
14 1256
15 1131
16 1135
17 1120
18 1384
19 1423
20 1525
21 1514
22 1227
23 827
24 687
25 563
26 792
27 825
28 851
29 716
30 706
31 878
32 579
33 448
34 449
35 449
36 730
37 613
38 300
39 608
40 449
41 588
42 573
43 443
44 438
45 289
46 281
47 441
48 304
49 421
50 575
51 842
52 725
53 562
54 437
55 723
56 435
57 575
58 709
59 574
60 419
61 567
62 289
63 293
64 291
65 291
66 291
67 294
1 517
2 692
3 1215
4 1442
5 1704
6 1183
7 1092
8 950
9 831
10 840
11 1128
12 1096
13 1088
14 1067
15 956
16 1052
17 1084
18 1096
19 944
20 916
21 670
22 939
23 944
24 934
25 1229
26 1079
27 810
28 676
29 539
30 411
31 532
32 412
33 399
34 531
35 515
36 649
37 631
38 623
39 627
40 730
41 605
42 579
43 472
44 606
45 593
46 598
47 364
48 613
49 356
50 376
51 254
52 506
53 250
54 608
55 482
56 361
57 484
58 249
59 251
60 250
61 124
62 372
63 243
1 517
2 697
3 1265
4 1433
5 1701
6 1359
7 975
8 825
9 822
10 1119
11 838
12 985
13 1114
14 1145
15 1138
16 1252
17 1107
18 1082
19 1072
20 963
21 820
22 844
23 845
24 969
25 974
26 1071
27 831
28 949
29 812
30 650
31 642
32 510
33 529
34 669
35 528
36 535
37 670
38 655
39 531
40 402
41 419
42 281
43 285
44 268
45 268
46 268
47 264
48 285
49 138
50 281
51 284
1 516
2 686
3 1220
4 1550
5 1816
6 1336
7 915
8 964
9 964
10 979
11 847
12 985
13 970
14 832
15 987
16 987
17 956
18 1080
19 822
20 949
21 951
22 1074
23 1214
24 1200
25 1189
26 1053
27 932
28 797
29 529
30 541
31 553
32 531
33 528
34 951
35 664
36 786
37 781
38 524
39 534
40 792
41 535
42 406
43 407
44 267
45 270
46 270
47 135
48 398
49 402
50 549
51 657
52 556
53 532
54 669
55 787
56 518
57 518
58 527
59 409
60 545
61 273
62 134
63 132
1 542
2 717
3 1112
4 1630
5 1749
6 1237
7 985
8 847
9 1128
10 1145
11 850
12 1009
13 845
14 840
15 995
16 978
17 1119
18 842
19 855
20 995
21 976
22 986
23 1275
24 1247
25 1231
26 987
27 971
28 833
29 825
30 941
31 964
32 985
33 1005
34 838
35 696
36 550
37 660
38 671
39 667
40 545
41 415
42 421
43 415
44 398
45 539
46 394
47 539
48 523
49 784
50 680
51 666
52 660
53 403
54 546
55 418
56 697
57 566
58 564
59 557
60 422
61 428
62 142
63 140
64 428
65 291
66 300
67 297
68 303
69 149
70 146
1 526
2 690
3 1102
4 1521
5 1900
6 970
7 839
8 1278
9 858
10 992
11 1050
12 882
13 904
14 932
15 1226
16 1143
17 1214
18 1258
19 1072
20 911
21 1237
22 938
23 907
24 1057
25 1309
26 1228
27 915
28 770
29 771
30 457
31 777
32 722
33 928
34 1053
35 902
36 735
37 564
38 718
39 561
40 699
41 562
42 581
43 558
44 415
45 569
46 664
47 564
48 557
49 587
50 294
51 405
52 413
53 417
54 297
55 447
56 291
57 440
58 278
59 285
60 439
61 141
62 281
63 141
64 278
65 136
66 284
67 133
68 135
69 134
1 525
2 687
3 959
4 1634
5 1637
6 1239
7 1269
8 996
9 842
10 889
11 878
12 1023
13 1182
14 1003
15 1171
16 1008
17 1161
18 875
19 873
20 935
21 943
22 892
23 1001
24 1190
25 1385
26 1281
27 1111
28 973
29 1044
30 870
31 746
32 794
33 906
34 745
35 849
36 888
37 605
38 605
39 608
40 444
41 609
42 322
43 482
44 320
45 479
46 322
47 486
48 465
49 437
50 557
51 567
52 147
53 290
54 150
55 149
1 548
2 743
3 1176
4 1575
5 2060
6 1321
7 1040
8 902
9 1022
10 1064
11 1228
12 1236
13 1199
14 1044
15 904
16 902
17 1146
18 861
19 1037
20 1070
21 1158
22 1192
23 1229
24 1195
25 1051
26 1327
27 1309
28 917
29 1025
30 748
31 582
32 699
33 710
34 735
35 895
36 750
37 565
38 560
39 437
40 577
41 590
42 439
43 752
44 707
45 711
46 576
47 593
48 587
49 586
50 707
51 579
52 561
53 436
54 435
55 291
56 429
57 290
58 293
59 146
60 151
1 553
2 738
3 1345
4 1689
5 1836
6 1176
7 1066
8 1013
9 1065
10 771
11 1048
12 1016
13 927
14 888
15 920
16 1054
17 939
18 1165
19 1132
20 1175
21 1030
22 1497
23 1321
24 1028
25 1023
26 1298
27 1311
28 1201
29 746
30 691
31 594
32 730
33 752
34 572
35 703
36 663
37 544
38 676
39 554
40 567
41 450
42 431
43 414
44 419
45 408
46 286
47 437
48 443
49 301
50 304
51 465
52 151
53 149
1 537
2 722
3 1029
4 1589
5 1849
6 1304
7 1048
8 989
9 897
10 922
11 1106
12 1193
13 1223
14 1385
15 1165
16 894
17 1050
18 899
19 741
20 1047
21 1058
22 1079
23 1031
24 1021
25 1191
26 1031
27 1182
28 923
29 898
30 605
31 742
32 592
33 882
34 735
35 897
36 705
37 566
38 560
39 571
40 850
41 849
42 692
43 279
44 427
45 277
46 430
47 279
48 139
49 292
50 149
51 151
1 559
2 622
3 1153
4 1573
5 1807
6 1024
7 1040
8 1048
9 908
10 587
11 1080
12 761
13 1096
14 901
15 929
16 1067
17 1031
18 1041
19 1201
20 1187
21 900
22 897
23 891
24 756
25 1207
26 1038
27 1037
28 1222
29 887
30 872
31 720
32 740
33 762
34 607
35 582
36 763
37 755
38 929
39 764
40 758
41 1082
42 1084
43 733
44 747
45 751
46 740
47 446
48 608
49 459
50 461
51 602
52 753
53 616
54 605
55 614
56 627
57 613
58 442
59 776
60 623
61 621
62 458
63 633
64 610
65 629
66 323
67 490
68 481
69 482
70 308
71 483
72 617
73 590
74 308
75 476
76 321
77 321
78 325
79 324
80 465
81 319
82 314
83 157
84 295
85 150
86 296
87 150
88 298
1 523
2 592
3 1291
4 1426
5 2104
6 1186
7 862
8 880
9 1043
10 1018
11 872
12 908
13 800
14 921
15 723
16 731
17 926
18 1192
19 888
20 862
21 881
22 1024
23 843
24 970
25 1035
26 987
27 1022
28 1171
29 903
30 1043
31 749
32 699
33 582
34 752
35 766
36 619
37 608
38 568
39 413
40 437
41 420
42 570
43 416
44 558
45 687
46 555
47 563
48 693
49 558
50 564
51 558
52 432
53 565
54 419
55 578
56 576
57 287
58 148
59 426
60 282
61 431
62 429
63 283
64 139
65 146
66 138
67 139
