1 1217
2 2038
3 3430
4 4760
5 5422
6 3752
7 3396
8 3069
9 3078
10 3435
11 3294
12 2647
13 2655
14 2655
15 2932
16 2316
17 2315
18 2297
19 2631
20 3287
21 3292
22 2636
23 2627
24 2298
25 1645
26 1639
27 1312
28 1639
29 1643
30 1640
31 1639
32 1311
33 2623
34 1968
35 1967
36 1643
37 1962
38 1316
39 1316
40 1640
41 1638
42 1628
43 1294
44 1627
45 953
46 995
47 970
48 953
49 1582
50 1586
51 1277
52 1269
53 642
54 644
55 960
56 643
57 646
58 648
59 651
60 328
1 1178
2 2277
3 3192
4 4764
5 5650
6 4756
7 3779
8 3886
9 2671
10 3151
11 3153
12 2650
13 3231
14 3233
15 2631
16 2652
17 2225
18 2165
19 1680
20 1665
21 1493
22 1303
23 1315
24 1534
25 1711
26 1066
27 904
28 617
29 1071
30 850
31 872
32 1703
33 1522
34 1079
35 864
36 386
1 1149
2 2445
3 3263
4 4806
5 5686
6 4685
7 4193
8 4059
9 3103
10 3149
11 2474
12 2953
13 3289
14 3317
15 2848
16 2166
17 2033
18 2781
19 2796
20 2057
21 1615
22 1434
23 1040
24 1439
25 1488
26 1471
27 397
1 1196
2 2214
3 3207
4 4610
5 5738
6 5011
7 4000
8 3617
9 2482
10 2876
11 3848
12 2940
13 2347
14 3032
15 2542
16 1698
17 1868
18 2118
19 1926
20 1421
21 1243
22 1303
23 1302
24 1218
25 1277
26 982
27 1042
28 1005
29 1499
30 837
31 620
32 433
33 614
34 649
35 822
36 834
37 620
38 622
39 636
40 851
41 422
42 614
43 623
44 379
1 1158
2 2239
3 3183
4 4433
5 5552
6 4901
7 4241
8 3599
9 2491
10 1982
11 2591
12 2136
13 2900
14 2931
15 2927
16 2747
17 2361
18 1998
19 1273
20 1125
21 1277
22 912
23 1406
24 1271
25 1266
26 932
27 1288
28 1112
29 910
30 723
31 754
32 559
33 558
34 563
35 372
1 1170
2 2063
3 3393
4 4620
5 5313
6 4751
7 4068
8 3566
9 2225
10 2116
11 1937
12 1942
13 2977
14 2223
15 1459
16 1281
17 1815
18 1838
19 1812
20 1775
21 1467
22 1280
23 860
24 1231
25 1102
26 725
27 929
28 896
29 557
30 368
1 1207
2 1901
3 3336
4 4830
5 5566
6 4964
7 3647
8 3562
9 3295
10 3083
11 2156
12 2371
13 2856
14 2381
15 2090
16 1562
17 2464
18 2651
19 2315
20 1609
21 1314
22 1434
23 1466
24 1008
25 879
26 703
27 739
28 1044
29 868
30 700
31 545
1 1225
2 1974
3 3478
4 4573
5 5892
6 4915
7 4226
8 3995
9 2504
10 2559
11 2580
12 1694
13 1511
14 1352
15 1792
16 1804
17 2462
18 2439
19 1495
20 1041
21 1044
22 944
23 1050
24 1188
25 639
26 631
1 1228
2 2114
3 3315
4 4569
5 5519
6 5196
7 4271
8 3135
9 2398
10 2159
11 2945
12 2498
13 2109
14 1369
15 1245
16 1055
17 1214
18 1243
19 926
20 1222
21 627
22 792
23 619
24 751
25 456
1 1215
2 1984
3 3397
4 4663
5 5664
6 4625
7 4106
8 3277
9 2646
10 2323
11 2772
12 2630
13 2013
14 2029
15 1951
16 1628
17 1344
18 1042
19 1048
20 896
21 758
22 1194
23 1228
24 1077
25 764
26 919
27 1098
28 1091
29 920
30 1080
31 607
32 895
33 1213
34 1067
35 799
36 1112
37 1095
38 477
1 1239
2 2028
3 3416
4 4843
5 6048
6 4859
7 3884
8 3181
9 2786
10 2494
11 2243
12 1941
13 2395
14 2226
15 1561
16 1129
17 1146
18 998
19 719
20 857
21 981
22 1083
23 1224
24 821
25 831
26 816
27 842
28 960
29 1502
30 1659
31 1377
32 957
33 708
34 578
1 1208
2 2118
3 3448
4 4662
5 6005
6 4981
7 4097
8 3239
9 2619
10 2734
11 2556
12 2542
13 2281
14 1471
15 1065
16 804
17 667
1 1211
2 2002
3 3520
4 4900
5 6075
6 5014
7 4380
8 3364
9 2557
10 2658
11 2333
12 1581
13 1018
14 988
15 956
16 1087
17 1354
18 970
19 1006
20 709
21 562
1 1131
2 2439
3 3507
4 4747
5 6096
6 5006
7 3714
8 2269
9 2419
10 2390
11 1961
12 1310
13 1014
14 916
15 793
1 1139
2 2417
3 3362
4 4777
5 5942
6 5174
7 3992
8 2545
9 2520
10 2345
11 1855
12 1981
13 1995
14 1709
15 1069
16 805
17 544
1 1158
2 2408
3 3472
4 4793
5 5885
6 5104
7 4043
8 2665
9 2752
10 2652
11 1924
12 1845
13 2258
14 2341
15 1715
16 1586
17 913
18 671
19 801
20 789
21 668
22 806
23 536
1 784
2 1317
3 1925
4 2636
5 3179
6 2538
7 2199
8 2023
9 2181
10 1617
11 1332
1 773
2 1283
3 1945
4 2749
5 3164
6 2762
7 2599
8 1976
9 1361
1 796
2 1432
3 1918
4 2681
5 3284
6 2884
7 2164
8 1734
9 1615
10 1886
11 1485
12 1573
13 1726
14 1483
15 1437
16 1623
17 1335
18 915
1 856
2 1213
3 1993
4 2686
5 3275
6 2678
7 2557
8 1693
9 1950
10 1549
11 1660
12 1709
13 1427
14 1444
15 1444
16 1582
17 1174
18 1043
19 1161
20 1142
21 1302
22 1052
23 909
24 892
25 780
26 661
1 854
2 1099
3 1980
4 2595
5 3095
6 2743
7 2462
8 2168
9 1707
10 1840
11 1425
12 1528
13 1512
14 1631
15 1521
16 1303
17 1314
18 1265
19 1124
20 1382
21 1397
22 1384
23 643
1 759
2 1377
3 1869
4 2761
5 3138
6 2473
7 2483
8 2219
9 2108
10 2048
11 1686
12 1203
1 895
2 1118
3 2154
4 2719
5 3354
6 2851
7 2335
8 1983
9 1623
10 1787
11 1886
12 1611
13 1458
14 1456
15 1469
16 1719
17 937
1 858
2 1201
3 2047
4 2802
5 3293
6 2983
7 2160
8 2245
9 1745
10 1742
11 1721
12 1631
13 1648
14 1604
15 1373
16 1017
17 880
18 1024
19 888
20 935
1 842
2 1286
3 2122
4 2637
5 3517
6 2903
7 2814
8 1843
9 1453
10 1574
11 2102
12 1962
13 1644
14 1610
15 1479
16 1263
17 901
1 800
2 1266
3 2073
4 2804
5 3431
6 2781
7 2297
8 2434
9 1896
10 1789
11 1165
1 848
2 1217
3 1988
4 2628
5 3368
6 2661
7 2547
8 2279
9 1898
10 2016
11 2375
12 1328
13 1365
14 1378
15 1749
16 1604
17 1088
18 1327
19 1242
20 1483
21 1244
22 968
23 707
24 460
1 826
2 1314
3 2072
4 2636
5 3593
6 2820
7 2459
8 2331
9 1753
10 1636
11 1946
12 1591
13 1708
14 1641
15 1626
16 1465
17 1263
18 1170
19 1410
20 1186
21 903
22 915
23 640
24 963
25 647
26 546
27 641
1 596
2 908
3 1286
4 1984
5 2108
6 1634
7 1469
8 1177
9 1168
10 1324
11 1429
12 1573
13 1197
14 917
15 1054
16 1307
17 1059
18 1065
19 1323
20 1185
21 906
22 1072
23 791
24 1025
25 1138
26 1155
27 1163
28 1012
29 1019
30 1146
31 893
32 910
33 810
34 924
35 1021
36 806
37 1040
38 893
39 662
1 598
2 937
3 1310
4 1913
5 2256
6 1838
7 1454
8 1286
9 1438
10 1096
11 1476
12 1482
13 1437
14 1171
15 1587
16 1154
17 1181
18 1044
19 1423
20 1402
21 1262
22 905
23 1170
24 773
25 658
1 586
2 902
3 1507
4 1874
5 2335
6 1569
7 1454
8 1463
9 1205
10 1319
11 1177
12 1306
13 1211
14 949
15 1180
16 1196
17 1171
18 1319
19 1320
20 1325
21 1207
22 1054
23 1173
24 1038
25 777
26 779
1 596
2 961
3 1527
4 1850
5 2244
6 1938
7 1569
8 1286
9 1230
10 1418
11 1461
12 1441
13 1003
14 1444
15 1330
16 1141
17 1170
18 1312
19 1160
20 1512
21 1539
22 1273
23 1136
24 976
25 836
26 812
27 827
28 681
1 632
2 850
3 1429
4 2078
5 2198
6 1599
7 1439
8 1451
9 1337
10 1033
11 1020
12 1319
13 1024
14 1169
15 1331
16 1170
17 1185
18 1161
19 1004
20 1298
21 1183
22 1299
23 1110
24 1099
25 1288
26 1138
27 1300
28 855
29 888
30 1032
31 1039
32 903
33 733
34 914
35 881
36 1174
37 895
38 886
39 772
40 600
1 617
2 968
3 1377
4 1914
5 2241
6 1823
7 1400
8 1420
9 1555
10 998
11 1264
12 1415
13 1395
14 1265
15 1111
16 982
17 1254
18 1357
19 1128
20 1260
21 1136
22 1265
23 1109
24 842
25 980
26 838
27 827
28 697
1 657
2 872
3 1433
4 1986
5 2161
6 1738
7 1499
8 1497
9 1518
10 1238
11 1087
12 1395
13 1363
14 1356
15 1361
16 1344
17 1217
18 1361
19 1505
20 1518
21 1205
22 1503
23 1484
24 1191
25 1049
26 1030
27 905
28 1202
29 1039
30 1185
31 989
32 737
33 606
1 627
2 856
3 1392
4 1933
5 2144
6 1778
7 1361
8 1513
9 1191
10 1066
11 1199
12 1090
13 1194
14 1354
15 1331
16 1202
17 1193
18 1331
19 1304
20 1022
21 1141
22 1162
23 1288
24 1126
25 869
26 845
27 737
28 860
29 730
1 632
2 812
3 1356
4 2081
5 2137
6 1774
7 1330
8 1552
9 1079
10 1366
11 1335
12 1210
13 1078
14 1226
15 1069
16 1074
17 1068
18 1199
19 1072
20 1357
21 1505
22 1474
23 1466
24 1346
25 1179
26 1016
27 1009
28 854
29 975
30 692
31 810
32 827
33 671
34 832
1 625
2 847
3 1530
4 2038
5 2239
6 1687
7 1575
8 1449
9 1315
10 1481
11 1473
12 1314
13 1010
14 1004
15 1310
16 1448
17 1169
18 1043
19 1176
20 1009
21 993
22 998
23 1131
24 995
25 715
26 425
27 725
1 621
2 830
3 1342
4 2002
5 2126
6 1826
7 1565
8 1428
9 1163
10 1167
11 1152
12 1130
13 1418
14 1393
15 1431
16 1144
17 1147
18 1010
19 1241
20 1393
21 1257
22 1096
23 1114
24 963
25 826
26 691
27 1099
28 1243
29 1258
30 994
31 1438
32 1023
33 1170
34 1013
35 1154
36 1000
37 1016
38 1036
39 748
40 438
41 300
1 607
2 922
3 1490
4 2039
5 2277
6 1827
7 1573
8 1292
9 1156
10 1315
11 1320
12 1465
13 1287
14 1302
15 1133
16 1116
17 1276
18 1296
19 1306
20 1541
21 1431
22 976
23 990
24 1031
25 990
26 991
27 817
28 859
29 1109
30 974
31 1008
32 860
33 838
34 576
35 726
36 149
37 1328
38 150
1 492
2 803
3 1057
4 1646
5 1809
6 1048
7 921
8 935
9 941
10 792
11 823
12 934
13 1089
14 1206
15 1184
16 1195
17 1046
18 805
19 804
1 519
2 712
3 1199
4 1551
5 1849
6 1046
7 912
8 923
9 958
10 1093
11 825
12 1102
13 1239
14 1242
15 1106
16 1235
17 1095
18 1197
19 1085
20 816
21 979
22 940
23 1191
24 1068
25 1040
26 1054
27 891
28 783
29 653
30 640
1 512
2 700
3 1235
4 1515
5 1893
6 1215
7 1080
8 977
9 847
10 1000
11 1002
12 998
13 962
14 1121
15 834
16 965
17 1119
18 954
19 921
20 962
21 969
22 970
23 1071
24 1036
25 937
26 1068
27 960
28 835
29 833
30 554
31 843
1 538
2 706
3 1094
4 1515
5 1957
6 1103
7 993
8 864
9 851
10 865
11 729
12 715
13 995
14 1179
15 998
16 1010
17 1005
18 1008
19 875
20 856
21 855
22 986
23 842
24 1133
25 997
26 836
27 1136
28 1142
29 1016
30 856
31 706
32 425
1 521
2 714
3 1113
4 1359
5 1929
6 1224
7 960
8 975
9 998
10 718
11 1002
12 1282
13 1300
14 994
15 1003
16 992
17 997
18 855
19 858
20 1001
21 998
22 1007
23 1000
24 850
25 1141
26 1274
27 1134
28 1013
29 861
30 816
31 829
32 555
33 555
1 534
2 577
3 1232
4 1615
5 1753
6 1400
7 847
8 997
9 860
10 996
11 1022
12 1015
13 1013
14 1011
15 1161
16 859
17 996
18 869
19 860
20 849
21 995
22 1004
23 986
24 834
25 860
26 971
27 969
28 976
29 824
30 823
31 686
32 551
33 560
34 566
1 525
2 695
3 1100
4 1463
5 1757
6 1401
7 982
8 854
9 1004
10 866
11 867
12 851
13 1009
14 1011
15 854
16 832
17 840
18 868
19 696
20 986
21 984
22 834
23 978
24 989
25 1228
26 823
27 1125
28 1082
29 966
30 686
31 700
32 534
33 685
34 809
35 543
36 942
37 677
38 660
39 823
40 674
41 821
42 805
43 945
44 812
45 822
46 846
47 695
48 427
49 430
50 142
51 573
1 538
2 553
3 1239
4 1458
5 1773
6 1272
7 1006
8 995
9 864
10 720
11 1023
12 988
13 993
14 1137
15 1125
16 1143
17 1140
18 863
19 864
20 843
21 868
22 990
23 987
24 989
25 986
26 996
27 842
28 701
29 571
1 532
2 709
3 1093
4 1485
5 1787
6 1246
7 970
8 986
9 857
10 1148
11 1018
12 863
13 864
14 860
15 1151
16 1133
17 1008
18 843
19 858
20 849
21 974
22 981
23 835
24 1102
25 1100
26 968
27 1083
28 982
29 843
30 696
31 692
32 418
1 540
2 558
3 1116
4 1638
5 1651
6 1255
7 841
8 994
9 856
10 1160
11 878
12 863
13 1016
14 985
15 843
16 836
17 848
18 855
19 837
20 710
21 827
22 989
23 841
24 1125
25 959
26 1108
27 1108
28 1086
29 966
30 962
31 820
32 680
33 413
1 530
2 701
3 959
4 1619
5 1755
6 1113
7 975
8 953
9 827
10 689
11 1002
12 849
13 849
14 1116
15 1107
16 974
17 1107
18 957
19 1098
20 973
21 833
22 968
23 824
24 947
25 959
26 1092
27 1249
28 1223
29 950
30 824
31 559
32 687
33 692
34 555
35 410
36 269
1 534
2 566
3 1240
4 1494
5 1759
6 1113
7 849
8 846
9 835
10 1117
11 1010
12 850
13 722
14 862
15 1142
16 1128
17 1123
18 1107
19 978
20 944
21 824
22 822
23 1094
24 1120
25 1115
26 975
27 976
28 1101
29 957
30 811
31 687
32 802
33 815
34 957
35 668
36 553
37 538
38 267
1 404
2 575
3 972
4 1363
5 1454
6 1079
7 834
8 555
9 692
10 681
11 833
12 956
13 963
14 964
15 835
16 823
17 699
18 830
19 686
20 679
21 836
22 801
23 804
24 667
25 675
26 815
27 801
28 680
29 936
30 918
31 914
32 1053
33 791
34 682
35 661
36 546
37 684
38 656
39 779
40 659
41 798
42 662
43 530
44 541
45 553
46 406
47 550
48 680
49 408
50 549
51 543
52 406
53 408
1 399
2 701
3 825
4 1330
5 1476
6 1057
7 953
8 689
9 699
10 556
11 691
12 846
13 836
14 849
15 981
16 834
17 828
18 833
19 970
20 969
21 968
22 949
23 666
24 679
25 803
26 682
27 827
28 799
29 946
30 955
31 821
32 677
33 408
1 401
2 717
3 828
4 1209
5 1617
6 947
7 812
8 683
9 692
10 696
11 552
1 397
2 712
3 810
4 1325
5 1460
6 1227
7 683
8 683
9 683
10 693
11 837
12 843
13 855
14 687
15 684
16 810
17 961
18 934
19 840
20 824
21 690
22 963
23 684
24 949
25 809
26 675
27 951
28 796
29 917
30 1065
31 928
32 923
33 791
34 544
35 668
36 790
37 527
38 792
39 659
40 529
41 656
42 777
43 396
44 523
45 525
1 404
2 706
3 798
4 1338
5 1446
6 1085
7 814
8 821
9 969
10 692
11 697
12 687
13 831
14 833
15 944
16 833
17 819
18 823
19 837
20 831
21 810
22 692
23 692
24 693
25 686
26 823
27 818
28 815
29 933
30 682
31 819
32 800
33 661
34 678
35 537
36 670
37 537
38 532
39 538
40 527
41 531
42 645
43 646
44 516
45 524
46 531
47 513
48 386
1 394
2 703
3 962
4 1207
5 1590
6 1097
7 696
8 555
9 690
10 686
11 837
12 847
13 967
14 825
15 821
16 804
17 693
18 838
19 699
20 815
21 695
22 827
23 944
24 951
25 1090
26 837
27 817
28 954
29 967
30 955
31 951
32 549
33 546
34 963
35 2415
36 1588
37 1579
38 1576
39 1470
40 1612
41 1559
42 1584
43 1480
44 1613
45 1506
46 1651
47 1507
48 1625
49 1659
50 1533
51 1534
52 1539
53 1542
54 1545
55 1680
56 1565
57 1434
58 1676
59 1530
60 1536
61 1678
62 1562
63 1556
64 1549
65 1574
1 393
2 706
3 948
4 1202
5 1464
6 1216
7 820
8 816
9 692
10 816
11 692
12 691
13 714
14 595
15 757
16 908
17 997
18 1036
19 1362
20 1032
21 1015
22 877
23 605
24 890
25 722
26 728
27 705
28 870
29 861
30 1126
31 1280
32 870
33 707
34 825
35 556
36 579
37 578
38 442
1 582
2 487
3 1039
4 1361
5 1621
6 1138
7 855
8 602
9 607
10 751
11 724
12 742
13 745
14 604
15 732
16 593
17 857
18 1029
19 886
20 1033
21 902
22 927
23 738
24 894
25 613
26 712
27 847
28 835
29 979
30 1002
31 840
32 884
33 1043
34 894
35 557
36 552
37 420
38 571
39 564
40 414
41 565
42 561
43 404
1 447
2 637
3 1061
4 1237
5 1638
6 1295
7 860
8 718
9 756
10 576
11 734
12 570
13 700
14 942
15 824
16 1107
17 954
18 836
19 978
20 963
21 826
22 947
23 838
24 852
25 689
26 821
27 685
28 947
29 800
30 1080
31 803
32 670
33 668
34 546
35 405
1 400
2 710
3 817
4 1331
5 1477
6 1084
7 820
8 688
9 698
10 826
11 835
12 836
13 839
14 832
15 703
16 970
17 824
18 828
19 818
20 835
21 823
22 959
23 952
24 1084
25 811
26 690
27 850
28 822
29 934
30 836
31 680
32 548
33 678
34 540
35 680
36 419
37 420
1 411
2 719
3 819
4 1220
5 1473
6 958
7 830
8 835
9 703
10 849
11 708
12 690
13 694
14 696
15 848
16 824
17 833
18 680
19 824
20 694
21 688
22 970
23 963
24 817
25 826
26 953
27 924
28 933
29 811
30 1101
31 960
32 956
33 676
34 552
35 545
1 387
2 700
3 941
4 1181
5 1583
6 1046
7 926
8 683
9 656
10 557
11 831
12 693
13 819
14 670
15 825
16 794
17 800
18 790
19 1058
20 952
21 955
22 829
23 678
24 812
25 961
26 817
27 824
28 944
29 940
30 936
31 805
32 922
33 658
34 671
35 409
1 402
2 537
3 664
4 1164
5 1315
6 930
7 804
8 675
9 664
10 540
11 551
12 688
13 691
14 548
15 686
16 816
17 675
18 816
19 677
20 671
21 674
22 675
23 828
24 548
25 824
26 671
27 804
28 670
29 668
30 658
31 668
32 804
33 662
34 900
35 778
36 796
37 529
38 399
39 529
40 395
41 264
42 1335
43 1061
44 1052
45 923
46 1075
47 927
48 1061
49 928
50 930
51 1072
52 955
53 1091
54 1083
55 1071
56 1072
57 1219
58 1096
59 1091
60 960
61 1068
62 1080
63 1096
64 1095
65 1211
66 1072
67 942
68 1077
69 952
70 955
71 964
72 1088
73 937
74 925
75 954
76 1085
77 959
78 968
79 954
80 1076
81 942
82 942
83 1106
84 931
85 943
86 937
87 944
88 959
89 956
90 941
91 935
92 934
93 952
94 939
95 944
96 951
97 935
98 946
99 943
100 796
101 920
102 944
103 926
104 948
105 815
106 1088
107 816
108 946
109 956
110 954
111 950
112 950
113 943
114 826
115 953
116 951
117 960
118 958
119 972
120 944
121 832
122 974
123 947
124 971
125 959
126 824
127 962
128 1103
129 954
130 973
131 826
132 966
133 967
134 827
135 842
136 840
137 972
138 828
139 963
140 852
141 821
142 956
143 972
144 848
145 852
146 861
147 852
148 976
149 842
150 979
151 844
152 834
153 848
154 845
155 965
156 980
157 838
158 833
159 973
160 834
161 834
162 967
163 976
164 849
165 978
166 855
167 869
168 865
169 996
170 858
171 844
172 864
173 864
174 849
175 849
176 997
177 851
178 852
179 848
180 853
181 857
182 851
183 999
184 988
185 859
186 995
187 855
188 856
189 998
190 862
191 863
192 867
193 839
194 967
195 833
196 843
197 857
198 972
199 837
200 859
201 838
202 966
203 840
204 968
205 832
206 880
207 858
208 1003
209 851
210 858
211 846
212 849
213 848
214 846
215 853
216 978
217 843
218 879
219 868
220 1000
221 862
222 865
223 864
224 858
225 850
226 1001
227 844
228 849
229 837
230 996
231 859
232 865
233 862
234 870
235 857
236 854
237 1001
238 862
239 876
240 868
241 872
242 859
243 871
244 881
245 862
246 864
247 865
248 1001
249 860
250 859
251 860
252 866
253 873
254 1030
255 873
256 868
257 863
258 864
259 882
260 874
261 870
262 855
263 866
264 865
265 875
266 890
267 864
268 860
269 879
270 875
271 883
272 861
273 862
274 865
275 874
276 875
277 860
278 875
279 872
280 884
281 902
282 875
283 881
284 891
285 893
286 884
287 894
288 885
289 898
290 733
291 893
292 890
293 902
294 895
295 895
296 892
297 892
298 915
299 879
300 900
301 744
302 899
303 888
304 896
305 899
306 884
307 894
308 888
309 744
310 928
311 899
312 895
313 885
314 889
315 897
316 884
317 899
318 742
319 1038
320 736
321 893
322 890
323 880
324 887
325 892
326 895
327 884
328 898
329 890
330 899
331 894
332 894
333 885
334 876
335 874
336 883
337 893
338 895
339 1041
340 903
341 898
342 1057
343 892
344 896
345 903
346 898
347 902
348 904
349 754
350 902
351 908
352 912
353 736
354 1035
355 897
356 903
357 884
358 888
359 903
360 900
361 899
362 896
363 887
364 746
365 885
366 890
367 1036
368 902
369 901
370 737
371 900
372 879
373 892
374 893
375 881
376 882
377 901
378 918
379 905
380 904
381 914
382 748
383 907
384 732
385 926
386 776
387 782
388 929
389 773
390 783
391 784
392 803
393 800
394 638
395 803
396 800
397 799
398 625
399 776
1 402
2 569
3 671
4 1057
5 1440
6 945
7 673
8 673
9 545
10 532
11 819
12 685
13 680
14 687
15 809
16 673
17 680
18 825
19 810
20 686
21 948
22 826
23 667
24 813
25 659
26 678
27 667
28 680
29 540
30 677
31 820
32 677
33 690
34 954
35 815
36 681
37 538
38 403
39 268
1 396
2 554
3 793
4 1038
5 1284
6 1006
7 642
8 781
9 540
10 671
11 529
12 524
13 664
14 537
15 673
16 668
17 538
18 663
19 665
20 670
21 791
22 668
23 659
24 788
25 663
26 803
27 784
28 806
29 813
30 815
31 545
32 898
33 895
34 632
35 638
36 641
37 635
38 519
39 518
40 394
1 402
2 562
3 684
4 1058
5 1322
6 1068
7 809
8 566
9 541
10 557
11 691
12 700
13 691
14 703
15 707
16 692
17 699
18 815
19 665
20 688
21 713
22 694
23 565
24 560
25 688
26 689
27 702
28 839
29 703
30 692
31 697
32 567
33 849
34 832
35 695
36 693
37 835
38 692
39 554
40 401
41 283
1 402
2 561
3 680
4 1055
5 1306
6 1087
7 814
8 543
9 692
10 690
11 841
12 697
13 835
14 548
15 556
16 692
17 548
18 687
19 556
20 822
21 679
22 686
23 688
24 681
25 683
26 683
27 689
28 562
29 690
30 681
31 677
32 680
33 816
34 807
35 671
36 812
37 683
38 558
39 537
40 536
41 407
42 403
1 403
2 559
3 664
4 1164
5 1299
6 1068
7 664
8 544
9 544
10 699
11 695
12 556
13 824
14 685
15 816
16 676
17 682
18 812
19 690
20 805
21 948
22 813
23 669
24 674
25 674
26 544
27 690
28 944
29 683
30 807
31 813
32 962
33 972
34 818
35 820
36 687
37 692
38 552
39 415
40 554
41 543
42 402
43 544
44 403
45 398
46 536
47 549
48 418
49 412
50 138
51 548
52 133
1 402
2 567
3 816
4 1056
5 1315
6 1060
7 816
8 694
9 422
10 551
11 561
12 560
13 568
14 547
15 550
16 697
17 695
18 814
19 944
20 813
21 815
22 687
23 814
24 551
25 541
26 695
27 687
28 692
29 684
30 681
31 828
32 708
33 953
34 817
35 947
36 818
37 685
38 711
39 702
40 810
41 795
42 809
43 817
44 551
45 696
46 687
47 544
48 551
49 403
50 398
51 547
52 406
53 539
54 408
55 541
56 408
57 535
58 411
59 400
60 410
61 135
62 540
63 135
64 800
65 132
1 407
2 568
3 807
4 1056
5 1325
6 926
7 828
8 548
9 553
10 538
11 416
12 568
13 555
14 557
15 825
16 561
17 694
18 692
19 685
20 687
21 831
22 956
23 825
24 823
25 815
26 688
27 672
28 811
29 531
30 676
31 814
32 799
33 808
34 804
35 811
36 663
37 677
38 524
39 526
40 403
41 540
42 532
43 525
44 391
45 397
46 521
47 517
48 529
49 394
50 518
51 390
52 394
53 641
54 389
55 526
1 410
2 558
3 676
4 1073
5 1303
6 1047
7 661
8 547
9 681
10 538
11 694
12 673
13 709
14 713
15 697
16 692
17 563
18 659
19 715
20 832
21 977
22 1512
23 1597
24 2998
25 1655
26 1314
27 2550
28 2520
29 2940
30 1800
31 1682
32 1735
33 1607
34 1303
35 1051
36 1309
37 1389
38 1030
39 1077
40 662
41 753
42 544
43 559
44 576
45 801
46 459
47 530
48 519
49 260
50 128
51 777
52 405
53 130
54 768
55 129
56 908
57 407
1 382
2 527
3 631
4 1157
5 3280
6 3797
7 1677
8 923
9 1212
10 1493
11 767
12 1625
13 1176
14 1455
15 1422
16 1675
17 1029
18 1086
19 1448
20 1281
21 1593
22 1968
23 1103
24 2168
25 1522
26 2309
27 1232
28 1436
29 1535
30 1156
31 1495
32 2065
33 1426
34 1335
35 1100
36 1149
37 1342
38 992
39 1611
40 1282
41 1478
42 1187
43 517
44 520
45 386
46 496
47 372
48 276
49 380
50 384
51 486
52 496
53 610
54 607
55 500
56 600
57 635
58 601
59 1622
60 1180
61 1640
62 1447
63 1348
64 609
65 608
66 548
67 968
68 624
69 1054
70 910
71 1023
72 902
73 336
74 761
75 801
1 812
2 836
3 1191
4 1663
5 2763
6 1819
7 1857
8 1847
9 1049
10 890
11 910
12 765
13 1214
14 1158
15 1074
16 1572
17 1401
18 1474
