3 0.4 0.01
#LB
0 0 66 10
0.242807 -0.367906 1.45773 -1.04609 -0.899154 -0.177459 0.327454 1.01507 -0.983767 0.150401 -0.509424 0.247138 1.22568 -0.122081 1.01701 0.958255 1.11651 1.02577 0.550504 -0.785452 0.256729 -0.764337 -0.0825871 0.742454 -0.297158 0.59378 0.40974 0.457751 0.711321 0.676025 0.846507 0.308054 1.09721 0.00769185 0.759284 0.147732 0.326 1.33139 0.468526 -0.0403663 -1.00574 1.25383 -0.27843 0.0480146 -0.830632 -0.0189949 0.06862 0.368349 0.866786 0.948487 0.395404 -0.296654 -0.566884 0.167859 0.407748 0.088732 0.460041 -0.251209 0.893632 0.32143 0.713362 0.538569 0.358513 -0.0223695 1.04505 0.529913 0.51695 
-0.39121 -0.1348 -0.368123 0.177488 -0.44968 -0.462016 0.284711 0.188989 0.40721 0.370843 -0.0765554 -0.729634 0.425759 -0.155283 -0.638895 -0.567537 -0.395031 -1.317 -1.01277 -0.207795 -0.040413 -0.61353 -0.228633 -1.06435 1.1524 -0.670703 -0.162282 -0.397218 0.392856 -0.0234275 -0.65004 -0.668437 0.258219 -0.132146 -0.226485 -0.518897 0.212488 -0.15831 0.146079 0.830088 0.127054 -0.0733176 -0.0534509 0.774428 -0.635361 -1.51813 0.498313 -0.858402 0.682625 0.842877 -0.922313 -0.198984 1.71825 0.657771 -0.574885 0.80563 -0.103871 0.271002 -0.401702 0.183437 -0.430117 -0.042289 0.785953 0.0397768 -0.0203248 -1.35069 0.122333 
-1.34086 -0.296863 1.18133 0.259571 -0.432748 0.0973266 0.565171 -0.217436 0.160171 1.42647 -0.540126 0.562039 -0.496323 0.984908 0.384194 0.150951 -0.0146594 0.161167 0.712165 1.09646 -0.114144 -0.988762 0.90747 -0.24851 -0.0583909 0.316413 0.584365 0.875355 1.39045 0.231321 0.914536 -0.734116 0.692546 0.298246 0.686875 0.248791 0.9798 1.06926 0.710956 -1.19005 -0.774493 0.399373 -0.28575 1.27106 1.0485 0.705466 -0.138617 0.0756725 0.462425 1.01593 1.1969 0.944938 0.390549 -0.157623 0.543086 -1.26508 0.557014 0.280649 -0.27629 1.02357 0.592961 -0.394312 0.871619 0.169896 0.84058 -1.2519 -0.308313 
-0.431036 0.00892532 0.0527518 0.199609 -0.16805 -0.165761 0.150754 0.0904317 0.0565177 -0.183256 -0.273166 -0.182113 -0.0271939 -0.0121803 0.117378 -0.3971 0.121348 -0.381414 0.126452 -0.197683 -0.399977 -0.044449 0.232847 0.376865 -0.230455 -0.0309108 0.0908112 -0.112959 -0.213433 0.263414 -0.0298657 -0.152392 -0.165951 0.243938 0.168798 -0.0336118 0.1172 0.307807 -0.0473927 -0.126055 -0.432612 0.212418 -0.494736 -0.323001 0.143826 0.113233 -0.330316 -0.217162 -0.29767 0.11001 0.24106 0.054277 -0.576274 0.446853 0.147899 0.24009 -0.0103672 -0.457338 0.0657298 -0.388536 0.343779 0.347782 0.279238 -0.304773 -0.118113 -0.409592 -0.595959 
0.297866 1.03957 0.3752 0.0524018 0.330086 0.322453 0.319305 0.78272 1.3326 -0.289069 0.831828 -0.768688 0.859619 1.25509 -0.98649 0.139383 0.166251 0.675169 -0.595127 0.729924 0.478167 0.110247 0.118186 -0.810836 0.692695 1.73715 -0.242729 0.233997 1.69939 -0.425403 -0.848335 0.693078 1.41424 0.502952 0.0812809 0.289507 0.484608 -0.415533 0.107789 -1.28119 0.0255518 -0.729661 -0.182497 0.877418 0.305437 0.922395 -0.0544676 -0.689355 0.293531 -0.0646164 -0.561913 -0.918924 -0.849023 0.525661 0.518548 0.154385 0.0847321 0.577577 -1.11778 0.146079 0.566065 0.245072 0.260012 0.105519 -0.234408 0.114656 -0.394268 
0.83439 1.46185 0.0292964 0.365357 -0.446962 0.0963847 -0.0241399 -0.815312 0.198161 0.62898 -1.08701 0.145489 -0.606051 -2.41101 0.212565 -0.555014 0.304686 0.193014 -0.6629 0.458705 0.317297 0.0480707 1.00599 -0.135641 0.403666 1.70744 0.348526 -0.701047 1.56611 -0.883711 0.314722 0.246178 0.906766 1.57881 0.274019 -2.17179 0.577281 -0.760552 -0.209292 0.123873 -1.47426 -1.28669 0.99148 0.422155 -0.0437359 0.186617 -0.240637 -0.155409 0.167449 -0.258266 -1.6897 0.52399 0.792908 0.547635 0.0774361 0.555079 -0.832902 0.691577 -1.04426 0.964632 0.607649 0.449552 0.833034 -0.169353 0.394291 -0.423171 1.03847 
1.5337 0.150367 1.20843 -1.47342 1.17015 -0.0723468 1.73159 0.548277 -0.480797 -0.441577 1.13538 -0.0267022 -0.0881396 -0.147439 0.20824 -0.0119614 0.0502307 0.265523 -0.769673 0.0627123 1.46723 -0.0451364 1.51541 0.507471 -0.151116 1.00618 0.0117491 0.685384 0.967831 2.92616 1.02175 0.127497 0.764542 0.115207 -0.953856 -0.864037 0.150334 1.39811 1.7783 -0.000120907 -0.806086 -1.11956 0.334605 0.838193 1.30864 -0.250322 0.489113 0.286983 0.980905 1.73284 -0.717684 0.267822 -0.0759432 1.62495 -0.699235 -0.628505 -0.716517 2.17413 0.738783 -1.25448 0.536503 0.957332 0.452881 0.874656 0.318726 -0.00661452 -0.144924 
0.0895272 0.419775 0.928911 -0.102479 -1.03165 -0.900006 -0.813788 -0.569432 0.396283 -0.324937 -0.0445929 0.0807032 -0.0992004 -1.17309 -0.274859 0.107135 0.138395 0.968068 -0.619478 0.885353 -1.00074 0.545218 0.733436 -0.0732611 0.660615 0.665574 0.232287 -0.156971 1.26964 0.0854639 0.00170979 -0.744296 0.770912 0.347462 -0.942985 -0.539454 -0.131907 -0.102984 -0.742922 0.488018 -1.05234 -0.555342 0.47365 0.447543 0.00455966 -0.598483 0.620194 -0.305582 0.671211 -0.764863 0.162849 -0.39354 0.238296 0.586111 -0.931261 0.053542 -0.325011 0.61073 -0.276758 0.0696084 -0.226808 -0.916978 -0.101362 -0.772404 0.255867 -0.690676 0.0899775 
-0.21915 -0.412811 0.387401 -0.392447 -0.656891 0.175139 0.115036 -0.223643 0.222708 -0.430801 -0.307691 -0.166212 0.224285 0.229413 -0.0222575 -0.0212541 -0.0551641 0.331651 0.107591 -0.0148288 -0.0586648 -0.292272 0.137085 -0.0772347 0.371815 -0.390396 -0.534681 0.182025 -0.193435 0.182777 -0.494354 -0.490095 -0.449286 0.07654 0.143581 -0.488872 -0.210161 -0.528899 -0.284028 0.220993 -0.463703 -0.182045 -0.441984 -0.255483 -0.0891996 -0.0603983 -0.00218218 -0.117083 -0.492778 0.0386811 -0.00182001 0.202719 -0.215975 0.110328 -0.631075 -0.212647 0.276357 0.0333506 0.282615 -0.478277 -0.469083 -0.656538 0.278219 0.0609298 0.126895 -0.574855 -0.499225 
-0.604509 -0.162105 -1.36567 0.347742 1.0896 0.338089 -0.141997 -0.319185 0.280399 0.836549 0.666539 -0.60389 0.342081 0.293115 0.476309 0.532941 0.171822 0.43109 0.881028 -0.157125 -0.702994 1.76428 1.454 -0.140362 -0.595408 -0.25971 -0.765625 0.519184 0.707242 1.1616 0.991253 -1.42719 -0.391567 1.66512 -0.186846 1.42459 0.0382541 -0.279385 0.500607 0.55285 -0.359187 -0.592638 1.09348 0.887593 -0.457143 0.0982974 0.133289 0.650789 -0.187001 0.0231444 -0.148324 0.0969073 1.26309 -0.269093 0.860669 -0.898395 0.000515636 0.779869 0.135431 -1.39002 0.432333 -1.09613 -0.928704 0.168483 -0.850662 -0.54486 0.895428 
#LE
#LB
0 0 10 5
1.20758 -0.217605 2.22051 3.261 1.03211 2.96773 -0.178969 1.10656 0.452905 -0.495492 0.170698 
0.736463 0.704527 -0.553118 -1.05756 -0.326845 -0.987052 0.216264 -1.48877 -0.0518123 0.0692551 0.992093 
2.13487 2.12352 0.578289 -2.13938 0.186819 -0.55194 1.60925 1.16211 -0.340706 -0.635796 0.900516 
0.0498523 -2.0162 0.108166 1.60013 -0.566705 0.647753 -0.14883 -1.24321 0.494871 0.0870768 1.74354 
-0.302487 -1.59812 1.09678 1.47841 1.21441 0.177057 1.21858 -0.473364 0.276657 2.37717 0.52083 
#LE
#LB
0 9 5 49
-1.81363 0.924934 1.04727 0.256059 1.07326 0.689544 
0.566637 1.26485 1.01296 1.77609 -0.765107 0.702305 
0.744721 -0.925487 0.876605 -3.70136 0.638859 -0.521505 
0.74676 -0.587502 -0.796442 1.58962 0.974871 0.607395 
-1.19918 -0.824918 -0.189838 -0.747213 -1.05737 -0.273543 
-0.812045 -0.241828 -0.289497 -0.903207 -0.525162 -0.441071 
-1.14741 -0.863611 -0.362442 -0.557182 -0.746715 -1.0936 
-0.958936 -0.919217 -0.534635 -0.94068 -0.670346 -0.799132 
-0.947711 -0.276553 -0.994684 -0.457004 -0.936092 -0.289686 
-1.16212 -0.334813 -0.466907 -0.614222 -0.44173 -1.13907 
-0.808245 -0.986207 -0.577392 -1.06959 -0.497061 -0.924249 
-0.664132 -0.756107 -0.496569 -0.25593 -1.2167 -1.00126 
-1.22786 -0.290859 -0.480376 -1.09197 -0.536124 -0.118795 
-0.592225 -0.415742 -0.25882 -1.2815 -0.513493 -0.573027 
-0.68502 -0.443522 -1.0262 -0.874218 -0.46672 -0.766718 
-0.623497 -0.186926 -0.616056 -0.814908 -1.17957 -0.109188 
-0.634791 -0.0855301 -0.670711 -1.01669 -1.14464 -0.852588 
-0.979119 0.0813781 -1.03525 -0.209597 -1.25069 -0.78024 
-0.843231 -0.243218 -1.03771 -0.342376 -0.658874 -0.782548 
-0.689323 -0.376177 -0.912022 -0.504827 -0.785785 -0.482618 
-1.28242 -0.572309 -1.07661 -0.607782 -0.956718 -0.708489 
-0.73145 -0.11645 -0.875678 -0.338506 -1.1799 -0.561156 
-0.834271 -0.63637 -0.428784 -0.953174 -1.18356 -0.554449 
-0.617952 -0.487572 -0.579782 -0.663477 -0.537443 -0.411517 
-0.887123 -0.39082 -0.862646 -0.792803 -0.510073 -0.601697 
-1.09614 -0.84156 -1.02282 -0.401768 -0.556987 -0.601695 
-1.22229 -0.957718 -0.201087 -0.525212 -0.970691 -0.573839 
-1.2821 -0.0207765 -0.887435 -0.586489 -0.851955 -0.998256 
-0.621754 -0.0158512 -0.571526 -0.683082 -0.831776 -1.04247 
-0.973073 -0.350063 -0.421593 -0.522536 -0.895836 -0.311089 
-0.456266 -0.659094 -0.747913 -0.967168 -1.06259 -0.618537 
-1.30966 -0.387492 -1.03953 -1.02988 -0.428456 -0.290642 
-1.08076 -0.0103695 -0.970313 -0.711019 -0.54724 -0.152749 
-0.758618 -0.395182 -0.741216 -0.87295 -0.649987 -0.769215 
-0.82137 -0.317245 -0.590471 -0.486664 -0.800625 -0.497419 
-0.743227 0.0411512 -1.16158 -0.879558 -0.651855 -1.0073 
-1.16104 -0.698934 -0.775208 -0.511913 -0.437441 -0.251897 
-0.915498 -0.707501 -1.01615 -0.840217 -0.731867 -0.0457788 
-0.627316 -0.213705 -0.923945 -0.908308 -1.09044 -0.686656 
-0.71991 -0.407814 -0.340133 -1.01267 -0.607332 -1.03411 
-0.959864 -0.629785 -0.8096 -0.392806 -0.968484 -1.02388 
-0.919601 -0.146388 -0.687463 -0.38935 -0.707809 -0.74144 
-0.908469 -0.344829 -0.861315 -0.656306 -1.00763 -0.526324 
-0.554065 -0.0556583 -0.974749 -0.928386 -0.809139 -0.293332 
-0.909898 -0.152164 -0.677432 -0.532835 -1.20851 -0.316254 
-0.414522 0.105629 -1.14343 -0.380691 -1.3824 0.00469066 
-0.718444 -0.493404 -0.283337 -0.471841 -1.19463 -0.866963 
-1.0808 -0.527828 -0.954978 -1.072 -0.453297 -0.16694 
-0.553011 -0.944183 -0.391969 -1.01734 -1.17134 -0.131773 
#LE
END
