1 3
2 4
3 5
4 9
5 10
6 7
7 6
8 5
9 5
10 4
11 4
12 5
13 5
14 4
15 5
16 6
17 5
18 6
19 5
20 5
21 5
22 5
23 6
24 4
25 6
26 5
27 6
28 5
29 5
30 5
31 5
32 6
33 5
34 7
35 6
36 6
37 4
38 3
39 4
40 3
41 2
42 10
43 8
44 8
45 7
46 8
47 7
48 8
49 7
50 7
51 8
52 7
53 8
54 8
55 8
56 8
57 9
58 8
59 8
60 7
61 8
62 8
63 8
64 8
65 9
66 8
67 7
68 8
69 7
70 7
71 7
72 8
73 7
74 7
75 7
76 8
77 7
78 7
79 7
80 8
81 7
82 7
83 8
84 7
85 7
86 7
87 7
88 7
89 7
90 7
91 7
92 7
93 7
94 7
95 7
96 7
97 7
98 7
99 7
100 6
101 7
102 7
103 7
104 7
105 6
106 8
107 6
108 7
109 7
110 7
111 7
112 7
113 7
114 6
115 7
116 7
117 7
118 7
119 7
120 7
121 6
122 7
123 7
124 7
125 7
126 6
127 7
128 8
129 7
130 7
131 6
132 7
133 7
134 6
135 6
136 6
137 7
138 6
139 7
140 6
141 6
142 7
143 7
144 6
145 6
146 6
147 6
148 7
149 6
150 7
151 6
152 6
153 6
154 6
155 7
156 7
157 6
158 6
159 7
160 6
161 6
162 7
163 7
164 6
165 7
166 6
167 6
168 6
169 7
170 6
171 6
172 6
173 6
174 6
175 6
176 7
177 6
178 6
179 6
180 6
181 6
182 6
183 7
184 7
185 6
186 7
187 6
188 6
189 7
190 6
191 6
192 6
193 6
194 7
195 6
196 6
197 6
198 7
199 6
200 6
201 6
202 7
203 6
204 7
205 6
206 6
207 6
208 7
209 6
210 6
211 6
212 6
213 6
214 6
215 6
216 7
217 6
218 6
219 6
220 7
221 6
222 6
223 6
224 6
225 6
226 7
227 6
228 6
229 6
230 7
231 6
232 6
233 6
234 6
235 6
236 6
237 7
238 6
239 6
240 6
241 6
242 6
243 6
244 6
245 6
246 6
247 6
248 7
249 6
250 6
251 6
252 6
253 6
254 7
255 6
256 6
257 6
258 6
259 6
260 6
261 6
262 6
263 6
264 6
265 6
266 6
267 6
268 6
269 6
270 6
271 6
272 6
273 6
274 6
275 6
276 6
277 6
278 6
279 6
280 6
281 6
282 6
283 6
284 6
285 6
286 6
287 6
288 6
289 6
290 5
291 6
292 6
293 6
294 6
295 6
296 6
297 6
298 6
299 6
300 6
301 5
302 6
303 6
304 6
305 6
306 6
307 6
308 6
309 5
310 6
311 6
312 6
313 6
314 6
315 6
316 6
317 6
318 5
319 7
320 5
321 6
322 6
323 6
324 6
325 6
326 6
327 6
328 6
329 6
330 6
331 6
332 6
333 6
334 6
335 6
336 6
337 6
338 6
339 7
340 6
341 6
342 7
343 6
344 6
345 6
346 6
347 6
348 6
349 5
350 6
351 6
352 6
353 5
354 7
355 6
356 6
357 6
358 6
359 6
360 6
361 6
362 6
363 6
364 5
365 6
366 6
367 7
368 6
369 6
370 5
371 6
372 6
373 6
374 6
375 6
376 6
377 6
378 6
379 6
380 6
381 6
382 5
383 6
384 5
385 6
386 5
387 5
388 6
389 5
390 5
391 5
392 5
393 5
394 4
395 5
396 5
397 5
398 4
399 5
