1 3
2 3
3 4
4 8
5 8
6 8
7 4
8 4
9 4
10 4
11 4
12 4
13 4
14 4
15 4
16 5
17 5
18 4
19 5
20 5
21 5
22 5
23 3
24 4
25 4
26 4
27 5
28 4
29 6
30 5
31 5
32 5
33 6
34 5
35 5
36 5
37 6
38 5
39 6
40 6
41 5
42 5
43 3
44 4
45 3
46 4
47 4
48 4
49 3
50 5
51 3
52 3
53 3
54 2
55 3
56 4
57 3
58 3
59 3
60 3
61 3
62 3
63 3
64 3
65 4
66 3
67 3
68 3
69 3
70 3
71 2
72 3
73 2
74 3
75 2
76 3
77 2
78 2
79 3
80 2
81 2
82 2
83 3
84 3
85 4
86 3
87 2
88 3
89 2
90 2
91 2
92 1
93 1
94 2
95 1
96 1
97 2
98 2
99 3
100 3
101 4
102 3
103 2
104 1
105 2
106 1
107 2
108 1
109 2
110 2
111 1
112 1
113 1
114 1
115 1
116 1
117 2
118 2
119 2
120 2
121 2
122 1
123 2
124 2
125 2
126 1
127 2
128 2
129 2
130 3
131 1
132 1
133 1
134 1
135 1
136 1
137 1
138 1
139 1
140 1
141 1
