1 3
2 3
3 5
4 7
5 8
6 8
7 5
8 4
9 4
10 4
11 4
12 3
13 5
14 5
15 5
16 4
17 5
18 3
19 4
20 3
21 4
22 4
23 4
24 5
25 5
26 4
27 5
28 4
29 5
30 5
31 4
32 6
33 6
34 6
35 5
36 6
37 6
38 7
39 6
40 5
41 6
42 4
43 5
44 4
45 3
46 3
47 2
48 3
49 2
50 3
51 3
52 3
53 2
54 2
55 3
56 4
57 4
58 3
59 4
60 3
61 2
62 2
63 2
64 2
65 1
66 1
67 1
68 1
69 2
70 1
71 2
72 2
73 1
74 1
75 1
76 1
77 1
78 2
79 1
80 1
81 1
82 1
83 1
84 1
85 2
86 1
87 1
88 3
89 2
90 3
91 2
92 1
93 1
94 1
95 2
96 1
97 2
98 1
99 2
100 1
101 1
102 1
103 2
104 1
105 1
106 1
107 1
108 1
