1 3
2 3
3 5
4 6
5 8
6 7
7 6
8 4
9 3
10 4
11 3
12 5
13 4
14 5
15 3
16 4
17 3
18 4
19 3
20 5
21 5
22 5
23 5
24 5
25 5
26 5
27 5
28 4
29 5
30 4
31 5
32 4
33 5
34 4
35 5
36 4
37 5
38 4
39 5
40 5
41 5
42 5
43 6
44 5
45 4
46 4
47 5
48 4
49 5
50 4
51 3
52 3
53 2
54 3
55 2
56 1
57 2
58 1
59 2
60 3
61 2
62 3
63 2
64 3
65 2
66 2
67 2
68 1
69 3
70 2
71 3
72 2
73 2
74 3
75 3
76 4
77 2
78 4
79 4
80 3
81 3
82 2
83 3
84 3
85 3
86 2
87 3
88 2
89 2
90 4
91 2
92 4
93 3
94 3
95 3
96 2
97 3
98 1
99 1
100 1
101 2
102 2
103 2
104 1
105 2
106 1
107 1
108 2
109 1
110 2
111 1
112 2
113 1
114 2
115 1
116 1
117 1
118 1
119 1
120 1
121 1
