1 3
2 3
3 6
4 7
5 8
6 9
7 4
8 4
9 4
10 3
11 3
12 4
13 4
14 5
15 5
16 5
17 5
18 4
19 5
20 5
21 5
22 6
23 4
24 5
25 5
26 5
27 5
28 5
29 5
30 5
31 3
32 5
33 4
34 4
35 5
36 6
37 5
38 5
39 5
40 4
41 5
42 4
43 3
44 4
45 3
46 3
47 4
48 3
49 4
50 3
51 4
52 3
53 4
54 3
55 4
56 3
57 4
58 3
59 5
60 3
61 4
62 3
63 4
64 3
65 3
66 4
67 3
68 3
69 2
70 2
71 3
72 2
73 3
74 2
75 1
76 1
77 1
78 2
79 1
80 2
81 1
82 2
83 2
84 2
85 1
86 2
87 2
88 1
89 2
90 2
91 2
92 3
93 2
94 2
95 2
96 1
97 2
98 2
99 1
100 2
101 2
102 1
103 2
104 2
105 1
106 2
107 2
108 2
109 1
110 2
111 3
112 2
113 2
114 2
115 2
116 2
117 1
118 1
119 1
120 1
121 1
122 1
123 1
124 1
125 1
