1 3
2 3
3 5
4 8
5 8
6 8
7 6
8 3
9 4
10 4
11 4
12 4
13 4
14 4
15 4
16 5
17 6
18 6
19 6
20 6
21 5
22 4
23 5
24 5
25 4
26 5
27 5
28 5
29 5
30 5
31 5
32 5
33 4
34 4
35 5
36 5
37 5
38 5
39 4
40 5
41 4
42 5
43 5
44 4
45 4
46 4
47 3
48 4
49 5
50 5
51 5
52 4
53 5
54 4
55 4
56 3
57 4
58 3
59 3
60 3
61 3
62 3
63 3
64 4
65 4
66 4
67 4
68 4
69 4
70 3
71 3
72 1
73 2
74 2
75 3
76 2
77 2
78 2
79 3
80 2
81 3
82 2
83 3
84 2
85 2
86 2
87 1
88 3
89 2
90 2
91 2
92 2
93 1
94 2
95 1
96 2
97 2
98 1
99 1
100 1
101 1
102 2
103 1
104 2
105 2
106 2
107 2
108 2
109 1
110 1
111 1
112 1
113 1
