1 3
2 3
3 4
4 7
5 9
6 7
7 5
8 4
9 4
10 4
11 4
12 3
13 4
14 5
15 4
16 5
17 4
18 4
19 4
20 4
21 5
22 5
23 5
24 5
25 4
26 3
27 4
28 5
29 5
30 4
31 5
32 5
33 6
34 5
35 5
36 5
37 6
38 6
39 6
40 5
41 6
42 4
43 4
44 3
45 4
46 2
47 3
48 4
49 2
50 3
51 1
52 2
53 2
54 2
55 2
56 1
57 2
58 2
59 2
60 2
61 3
62 4
63 4
64 3
65 3
66 1
67 2
68 1
69 2
70 1
71 2
72 1
73 2
74 2
75 1
76 1
77 2
78 1
79 1
80 1
81 1
82 1
83 1
84 1
85 1
86 2
87 2
88 2
89 2
90 2
91 2
92 2
93 2
94 2
95 1
96 2
97 1
98 2
99 2
100 2
101 2
102 2
103 1
104 1
105 1
106 1
107 1
108 1
109 2
110 1
111 1
112 2
113 2
114 2
115 2
116 2
117 1
118 2
119 1
120 1
121 1
122 2
123 2
124 2
125 2
126 1
127 2
128 2
129 2
130 3
131 3
132 1
133 2
134 2
135 1
136 2
137 1
138 1
139 1
140 1
141 1
142 1
143 2
144 2
145 1
146 2
147 1
148 1
149 1
150 1
151 1
152 1
153 1
154 1
155 1
156 1
157 1
158 1
159 2
160 1
161 1
162 1
163 1
164 1
165 1
166 1
167 1
168 1
169 1
170 1
171 1
172 1
