1 3
2 3
3 5
4 7
5 9
6 8
7 4
8 5
9 4
10 4
11 4
12 4
13 5
14 4
15 5
16 4
17 6
18 6
19 5
20 5
21 5
22 6
23 5
24 4
25 4
26 4
27 5
28 5
29 5
30 6
31 6
32 6
33 6
34 5
35 5
36 5
37 6
38 6
39 5
40 5
41 4
42 4
43 3
44 4
45 3
46 3
47 3
48 3
49 3
50 4
51 3
52 2
53 2
54 3
55 2
56 3
57 2
58 2
59 2
60 2
61 2
62 3
63 4
64 3
65 2
66 3
67 2
68 3
69 3
70 2
71 2
72 1
73 2
74 1
75 2
76 1
77 2
78 2
79 2
80 2
81 1
82 1
83 2
84 1
85 1
86 2
87 1
88 1
89 2
90 2
91 1
92 1
93 1
94 1
95 2
96 1
97 1
98 2
99 1
100 2
101 1
102 2
103 2
104 2
105 1
106 1
107 1
108 2
109 2
110 2
111 3
112 2
113 2
114 2
115 2
116 1
117 1
118 1
119 2
120 1
121 2
122 2
123 2
124 3
125 1
126 2
127 2
128 2
129 2
130 2
131 1
132 1
133 1
134 2
135 1
136 2
137 1
138 1
139 2
140 3
141 2
142 2
143 2
144 2
145 2
146 2
147 2
148 2
149 1
150 2
151 1
152 1
153 2
154 1
155 1
156 1
157 1
158 2
159 2
160 1
161 2
162 1
163 2
164 1
165 1
166 1
167 1
168 1
169 1
170 1
171 1
172 1
173 1
