1 3
2 3
3 5
4 7
5 9
6 7
7 5
8 4
9 5
10 4
11 4
12 5
13 4
14 5
15 5
16 4
17 4
18 5
19 5
20 5
21 4
22 4
23 5
24 4
25 4
26 5
27 5
28 5
29 4
30 4
31 4
32 5
33 5
34 5
35 5
36 6
37 6
38 6
39 6
40 6
41 5
42 5
43 4
44 5
45 5
46 4
47 5
48 3
49 4
50 3
51 4
52 4
53 4
54 4
55 3
56 3
57 3
58 2
59 3
60 3
61 2
62 3
63 2
64 2
65 1
66 2
67 2
68 3
69 3
70 3
71 2
72 3
73 2
74 3
75 3
76 3
77 3
78 3
79 3
80 3
81 3
82 3
83 2
84 2
85 3
86 4
87 3
88 4
89 3
90 2
91 2
92 2
93 2
94 2
95 2
96 2
97 2
98 2
99 2
100 2
101 2
102 2
103 2
104 1
105 2
106 2
107 2
108 1
109 1
110 2
111 1
112 1
113 1
114 2
115 2
116 1
117 2
118 1
119 2
120 1
121 1
122 1
123 2
124 1
125 1
126 1
127 1
128 1
129 1
