1 4
2 5
3 8
4 11
5 11
6 9
7 9
8 8
9 9
10 10
11 7
12 8
13 9
14 9
15 7
16 7
17 7
18 9
19 7
20 8
21 7
22 8
23 8
24 7
25 6
26 6
27 5
28 5
29 5
30 5
31 4
32 5
33 4
34 3
35 3
36 3
37 5
38 5
39 4
40 5
41 4
42 5
43 5
44 4
45 3
46 4
47 3
48 2
49 2
50 3
51 2
52 2
53 2
54 2
55 2
56 2
57 2
58 1
59 2
60 1
61 1
62 2
63 1
64 2
65 1
66 1
67 2
68 1
69 2
70 1
71 2
72 1
73 3
74 2
75 2
76 2
77 2
78 2
79 2
80 1
81 1
82 2
83 1
84 2
85 1
86 1
87 2
88 2
89 2
90 1
91 3
92 2
93 3
94 3
95 2
96 3
97 2
98 2
99 1
100 1
101 1
102 2
103 1
104 2
105 2
106 2
107 2
108 2
109 2
110 1
111 2
112 1
113 1
114 2
115 1
116 1
117 2
118 1
119 1
