1 4
2 5
3 8
4 11
5 13
6 10
7 9
8 9
9 10
10 8
11 10
12 10
13 9
14 8
15 7
16 8
17 7
18 9
19 8
20 9
21 8
22 8
23 8
24 9
25 9
26 10
27 9
28 9
29 8
30 8
31 7
32 7
33 6
34 8
35 7
36 7
37 6
38 6
39 5
40 6
41 6
42 5
43 4
44 4
45 5
46 4
47 4
48 5
49 4
50 4
51 4
52 3
53 4
54 4
55 3
56 3
57 2
58 4
59 2
60 2
61 4
62 4
63 4
64 4
65 4
66 3
67 3
68 2
69 3
70 3
71 3
72 2
73 2
74 3
75 2
76 2
77 2
78 3
79 2
80 2
81 1
82 1
83 2
84 1
85 2
86 1
87 2
88 1
89 2
90 2
91 2
92 2
93 3
94 3
95 3
96 2
97 2
98 2
99 2
100 1
101 2
102 1
103 1
104 1
105 1
106 1
107 1
108 1
