1 3
2 4
3 5
4 6
5 9
6 6
7 5
8 4
9 3
10 3
11 3
12 3
13 3
14 3
15 2
16 3
17 3
18 4
19 3
20 3
21 2
22 3
23 3
24 3
25 3
26 4
27 3
28 4
29 4
30 4
31 5
32 5
33 6
34 6
35 5
36 6
37 5
38 4
39 5
40 6
41 5
42 6
43 6
44 4
45 5
46 4
47 6
48 6
49 5
50 5
51 5
52 6
53 5
54 4
55 4
56 4
57 3
58 4
59 3
60 2
61 3
62 3
63 3
64 2
65 3
66 3
67 2
68 3
69 2
70 2
71 2
72 1
73 2
74 2
75 2
76 2
77 2
78 1
79 2
80 2
81 3
82 3
83 3
84 3
85 3
86 4
87 2
88 2
89 3
90 2
91 3
92 1
93 2
94 2
95 2
96 2
97 1
98 2
99 2
100 1
101 2
102 1
103 1
104 2
105 1
106 1
107 2
108 1
109 1
110 1
111 1
112 2
113 1
114 1
115 1
116 1
117 1
118 1
119 1
120 1
121 1
122 1
