1 3
2 4
3 7
4 8
5 9
6 7
7 7
8 5
9 6
10 5
11 5
12 5
13 6
14 6
15 4
16 5
17 6
18 5
19 5
20 5
21 6
22 6
23 7
24 6
25 5
26 6
27 7
28 6
29 5
30 6
31 6
32 5
33 7
34 7
35 6
36 5
37 6
38 6
39 5
40 4
41 4
42 4
43 4
44 3
45 4
46 4
47 4
48 3
49 3
50 2
51 3
52 4
53 3
54 3
55 3
56 3
57 4
58 3
59 3
60 2
61 3
62 2
63 2
64 2
65 1
66 2
67 2
68 3
69 2
70 3
71 3
72 1
73 1
74 2
75 1
76 2
77 2
78 1
79 2
80 1
81 1
82 3
83 2
84 1
85 2
86 3
87 3
88 2
89 3
90 3
91 2
92 2
93 2
94 3
95 2
96 2
97 2
98 3
99 2
100 2
101 1
102 1
103 3
104 2
105 2
106 3
107 2
108 2
109 1
110 1
111 1
112 1
113 1
114 1
115 1
116 1
117 1
118 1
119 1
120 1
121 1
122 1
123 1
124 2
125 2
126 1
127 1
128 2
129 1
