1 4
2 4
3 7
4 8
5 11
6 8
7 7
8 7
9 8
10 6
11 9
12 7
13 8
14 7
15 9
16 9
17 7
18 7
19 7
20 8
21 7
22 8
23 7
24 8
25 7
26 6
27 7
28 7
29 7
30 7
31 6
32 6
33 5
34 5
35 5
36 4
37 4
38 4
39 3
40 3
41 3
42 4
43 3
44 3
45 5
46 5
47 4
48 4
49 4
50 4
51 4
52 3
53 2
54 2
55 1
56 2
57 2
58 2
59 2
60 2
61 2
62 2
63 2
64 2
65 3
66 2
67 3
68 3
69 3
70 3
71 3
72 2
73 3
74 1
75 2
76 2
77 3
78 2
79 4
80 4
81 3
82 3
83 3
84 3
85 3
86 2
87 3
88 3
89 3
90 3
91 1
92 1
93 2
94 1
95 1
96 1
97 1
98 1
99 2
100 2
101 2
102 2
103 2
104 1
105 2
106 2
107 3
108 3
109 2
110 3
111 2
112 2
113 2
114 1
115 2
116 2
117 2
118 2
119 3
120 3
121 1
122 1
123 1
124 1
125 1
126 1
127 1
128 1
129 1
130 1
131 1
132 1
133 1
134 1
135 1
136 1
137 1
138 1
