1 4
2 5
3 7
4 9
5 11
6 7
7 9
8 8
9 8
10 8
11 8
12 8
13 7
14 8
15 8
16 9
17 8
18 7
19 8
20 8
21 7
22 7
23 7
24 8
25 7
26 7
27 7
28 5
29 6
30 5
31 5
32 4
33 4
34 4
35 4
36 4
37 4
38 4
39 5
40 4
41 6
42 4
43 3
44 3
45 4
46 3
47 3
48 3
49 3
50 3
51 2
52 3
53 3
54 5
55 3
56 3
57 3
58 1
59 2
60 2
61 2
62 1
63 2
64 2
65 3
66 2
67 4
68 3
69 3
70 2
71 2
72 2
73 2
74 2
75 2
76 2
77 2
78 2
79 2
80 2
81 2
82 2
83 2
84 2
85 2
86 3
87 3
88 3
89 3
90 2
91 1
92 2
93 2
94 2
95 3
96 2
97 3
98 2
99 2
100 2
101 3
102 1
103 2
104 3
105 3
106 2
107 1
108 2
109 1
110 2
111 2
112 1
113 2
114 1
115 2
116 2
117 3
118 1
119 2
120 1
121 2
122 1
123 3
124 1
125 2
126 2
127 1
128 1
129 1
130 1
131 1
132 1
133 1
134 1
135 1
136 1
137 1
138 1
139 1
140 1
141 1
