1 6
2 8
3 11
4 15
5 18
6 16
7 15
8 14
9 15
10 15
11 15
12 12
13 14
14 13
15 12
16 12
17 12
18 10
19 12
20 10
21 8
22 6
23 6
24 6
25 5
26 5
27 6
28 5
29 4
30 5
31 4
32 4
33 6
34 4
35 5
36 5
37 5
38 5
39 3
40 3
41 3
42 2
43 3
44 4
45 4
46 4
47 5
48 5
49 3
50 3
51 2
52 2
53 2
54 2
55 2
56 2
57 3
58 4
59 4
60 6
61 7
62 7
63 7
64 6
65 5
66 6
67 4
68 4
69 4
70 2
71 4
72 2
73 4
74 6
75 4
76 5
77 5
78 4
79 3
80 2
81 2
82 2
83 3
84 4
85 2
86 2
87 2
88 2
89 3
90 4
91 3
92 4
93 4
94 5
95 3
96 4
97 3
98 4
99 3
100 3
101 3
102 4
103 2
104 3
105 2
106 2
107 1
108 2
109 1
110 2
111 2
112 2
113 2
114 2
