1 5
2 5
3 10
4 12
5 15
6 11
7 11
8 12
9 12
10 11
11 10
12 11
13 10
14 10
15 10
16 10
17 11
18 9
19 8
20 9
21 10
22 9
23 8
24 7
25 7
26 6
27 6
28 6
29 5
30 5
31 5
32 5
33 6
34 7
35 5
36 5
37 6
38 6
39 5
40 4
41 4
42 4
43 4
44 2
45 3
46 3
47 2
48 4
49 1
50 2
51 2
52 2
53 2
54 2
55 2
56 3
57 2
58 2
59 3
60 3
61 3
62 2
63 2
64 2
65 2
66 2
67 2
68 2
69 2
70 2
71 3
72 3
73 1
74 2
75 1
76 2
77 1
78 2
79 1
80 1
81 1
82 2
83 1
84 2
85 1
86 1
87 1
88 2
89 2
90 2
91 1
92 1
93 1
94 1
95 1
96 2
97 1
98 1
99 1
100 1
101 1
