1 3
2 3
3 5
4 6
5 7
6 6
7 6
8 5
9 5
10 6
11 6
12 5
13 6
14 6
15 5
16 5
17 6
18 5
19 5
20 6
21 5
22 5
23 5
24 4
25 6
26 4
27 5
28 6
29 5
30 5
31 6
32 5
33 6
34 5
35 5
36 5
37 4
38 3
39 4
40 2
41 4
42 3
43 3
44 2
45 4
46 3
47 3
48 2
49 3
50 2
51 2
52 3
53 2
54 3
55 2
56 3
57 3
58 2
59 2
60 2
61 2
62 2
63 2
64 1
65 2
66 2
67 2
68 1
69 1
70 2
71 3
72 3
73 3
74 3
75 2
76 3
77 2
78 2
79 2
80 2
81 1
82 1
83 1
84 2
85 1
86 1
87 1
88 1
89 2
90 2
91 1
92 3
93 1
94 2
95 2
96 2
97 1
98 2
99 1
100 1
101 1
102 1
103 1
104 1
105 1
106 1
107 1
108 1
109 1
110 1
111 1
112 1
113 1
114 1
115 1
116 1
