1 4
2 5
3 8
4 10
5 13
6 11
7 9
8 10
9 11
10 10
11 8
12 10
13 10
14 10
15 10
16 10
17 10
18 9
19 8
20 9
21 9
22 8
23 9
24 7
25 8
26 8
27 8
28 9
29 6
30 7
31 7
32 6
33 6
34 7
35 7
36 6
37 6
38 6
39 5
40 5
41 4
42 5
43 4
44 3
45 4
46 4
47 3
48 3
49 2
50 3
51 2
52 4
53 4
54 4
55 5
56 6
57 4
58 3
59 1
60 2
61 2
62 1
63 2
64 1
65 1
66 1
67 2
68 1
69 2
70 2
71 2
72 2
73 2
74 3
75 3
76 2
77 2
78 2
79 2
80 2
81 2
82 2
83 3
84 3
85 2
86 2
87 3
88 2
89 2
90 1
91 1
92 2
93 1
94 2
95 2
96 1
97 1
98 2
99 2
100 2
101 2
102 1
103 2
104 2
105 2
106 2
107 1
108 2
109 2
110 1
111 1
112 2
113 1
114 1
115 2
116 1
117 2
118 1
119 1
120 2
121 1
122 1
123 1
124 2
125 2
126 1
127 3
128 3
129 3
130 2
131 1
132 1
133 2
134 1
135 1
136 1
137 2
138 2
139 2
140 2
141 1
142 1
143 1
144 1
145 1
146 1
