1 3
2 3
3 5
4 6
5 7
6 6
7 5
8 3
9 3
10 3
11 4
12 3
13 3
14 3
15 4
16 3
17 4
18 3
19 3
20 4
21 3
22 4
23 4
24 3
25 3
26 3
27 2
28 3
29 2
30 3
31 2
32 3
33 3
34 3
35 3
36 3
37 3
38 2
39 3
40 3
41 2
42 3
43 3
44 3
45 3
46 2
47 3
48 4
49 2
50 3
51 3
52 3
53 3
54 3
55 2
56 4
57 4
58 4
59 3
60 4
61 3
62 4
63 5
64 4
65 4
66 4
67 4
68 3
69 3
70 3
71 2
72 2
73 2
74 2
75 2
76 2
77 1
78 2
79 2
80 2
81 2
82 2
83 2
84 2
85 2
86 1
87 2
88 1
89 1
90 1
91 1
92 1
93 1
94 2
95 2
96 2
97 3
98 2
99 3
100 2
101 3
102 2
103 3
104 3
105 3
106 3
107 2
108 2
109 2
110 3
111 2
112 2
113 2
114 2
115 2
116 3
117 3
118 3
119 2
120 2
121 2
122 2
123 2
124 1
125 2
126 1
127 1
128 2
129 2
130 1
131 2
132 2
133 1
134 1
135 1
136 2
137 2
138 2
139 1
140 2
141 1
142 2
143 1
144 1
145 1
146 1
147 2
148 1
149 1
150 1
151 2
152 1
153 1
154 2
155 1
156 2
157 1
158 1
159 1
160 1
161 1
162 1
163 1
164 1
165 1
166 1
167 1
168 1
169 1
170 1
171 1
172 1
173 1
174 1
175 1
176 1
177 1
178 1
179 1
180 1
181 1
182 1
183 1
184 1
185 1
186 1
187 1
188 1
189 1
190 1
191 1
192 1
