1 3
2 4
3 7
4 7
5 9
6 7
7 7
8 6
9 6
10 6
11 6
12 6
13 7
14 7
15 6
16 7
17 6
18 7
19 7
20 6
21 7
22 7
23 6
24 6
25 6
26 6
27 6
28 6
29 6
30 7
31 6
32 6
33 6
34 6
35 4
36 5
37 4
38 5
39 3
40 3
41 3
42 3
43 4
44 3
45 4
46 3
47 3
48 3
49 4
50 4
51 4
52 3
53 2
54 3
55 4
56 2
57 2
58 2
59 3
60 3
61 3
62 3
63 3
64 2
65 3
66 3
67 2
68 2
69 2
70 2
71 2
72 2
73 2
74 3
75 2
76 2
77 2
78 2
79 2
80 1
81 2
82 1
83 2
84 1
85 2
86 2
87 3
88 2
89 3
90 2
91 3
92 1
93 2
94 1
95 2
96 1
97 1
98 1
99 1
100 1
101 1
102 1
103 1
