1 5
2 8
3 11
4 14
5 18
6 15
7 15
8 14
9 13
10 14
11 13
12 12
13 13
14 12
15 11
16 12
17 11
18 12
19 11
20 10
21 9
22 9
23 8
24 6
25 5
26 5
27 4
28 3
29 4
30 4
31 3
32 2
33 3
34 4
35 5
36 5
37 5
38 5
39 6
40 5
41 4
42 4
43 5
44 5
45 4
46 4
47 3
48 2
49 3
50 4
51 3
52 2
53 3
54 4
55 3
56 3
57 3
58 3
59 2
60 4
61 2
62 4
63 4
64 3
65 4
66 2
67 3
68 2
69 3
70 2
71 3
72 2
73 3
74 4
75 3
76 3
77 3
78 2
79 3
80 3
81 2
82 3
83 2
84 5
85 3
86 2
87 2
88 2
89 2
90 2
91 3
92 3
93 3
94 2
95 1
96 2
97 2
98 1
99 2
100 2
