1 3
2 5
3 5
4 8
5 10
6 8
7 7
8 6
9 5
10 7
11 5
12 5
13 7
14 7
15 7
16 6
17 6
18 6
19 6
20 7
21 7
22 7
23 6
24 6
25 6
26 6
27 6
28 7
29 7
30 5
31 5
32 6
33 4
34 5
35 4
36 5
37 3
38 4
39 4
40 3
41 4
42 2
43 3
44 3
45 2
46 3
47 3
48 4
49 3
50 4
51 3
52 3
53 4
54 3
55 4
56 4
57 3
58 3
59 3
60 4
61 4
62 4
63 4
64 3
65 4
66 3
67 3
68 3
69 4
70 3
71 4
72 3
73 3
74 2
75 2
76 2
77 2
78 2
79 3
80 3
81 1
82 2
83 2
84 4
85 3
86 3
87 2
88 3
89 2
90 1
91 1
92 1
93 1
94 1
95 1
96 1
97 2
98 1
99 1
100 2
101 2
102 2
103 2
104 1
105 2
106 3
107 1
108 3
109 2
110 2
111 2
112 2
113 2
114 2
115 1
116 1
117 1
118 2
119 1
120 1
121 1
122 1
123 1
124 1
125 2
126 2
127 1
128 2
129 1
130 1
131 1
132 1
133 2
134 1
135 1
136 1
137 1
138 1
139 1
140 1
141 2
142 1
143 1
144 1
145 2
146 1
147 2
148 2
149 2
150 1
151 2
152 1
153 2
154 1
155 1
156 1
157 1
158 1
159 1
160 1
161 1
162 1
163 1
