1 5
2 5
3 7
4 11
5 13
6 9
7 9
8 9
9 10
10 9
11 8
12 9
13 9
14 10
15 9
16 9
17 10
18 8
19 8
20 9
21 9
22 8
23 7
24 8
25 7
26 5
27 5
28 5
29 5
30 4
31 5
32 6
33 5
34 4
35 4
36 4
37 4
38 5
39 6
40 5
41 4
42 4
43 3
44 2
45 4
46 3
47 5
48 3
49 3
50 2
51 2
52 2
53 2
54 3
55 1
56 3
57 3
58 2
59 2
60 2
61 3
62 1
63 3
64 3
65 3
66 2
67 3
68 2
69 2
70 4
71 4
72 4
73 4
74 3
75 2
76 3
77 2
78 2
79 2
80 1
81 1
82 2
83 1
84 1
85 2
86 2
87 1
88 2
89 2
90 1
91 1
92 1
93 1
94 2
95 2
96 1
97 2
98 2
99 1
100 2
101 1
102 1
