1 3
2 3
3 4
4 7
5 7
6 6
7 6
8 4
9 6
10 6
11 5
12 5
13 5
14 5
15 5
16 5
17 5
18 6
19 6
20 5
21 5
22 5
23 5
24 5
25 4
26 5
27 5
28 5
29 5
30 4
31 6
32 5
33 5
34 5
35 5
36 5
37 5
38 5
39 5
40 5
41 4
42 4
43 4
44 4
45 4
46 3
47 4
48 3
49 2
50 3
51 2
52 3
53 2
54 2
55 3
56 2
57 2
58 2
59 2
60 1
61 2
62 2
63 2
64 1
65 2
66 3
67 2
68 1
69 2
70 2
71 1
72 1
73 2
74 1
75 1
76 1
77 2
78 2
79 2
80 2
81 2
82 3
83 2
84 2
85 2
86 2
87 1
88 2
89 1
90 2
91 2
92 1
93 1
94 2
95 1
96 2
97 2
98 1
99 1
100 1
101 1
102 2
103 1
104 1
105 1
106 1
107 1
108 1
109 2
110 1
111 1
112 1
113 1
114 2
115 1
116 2
117 1
118 1
119 2
120 1
121 2
122 1
123 1
124 1
125 1
126 1
127 1
128 2
129 1
130 2
131 1
132 1
133 2
134 1
135 1
136 1
137 2
138 1
139 2
140 1
141 2
142 1
143 1
144 1
145 2
146 1
147 1
148 1
149 1
150 1
151 1
152 1
153 1
154 1
155 1
156 1
157 1
158 1
159 1
160 1
161 1
162 1
163 1
164 1
165 1
166 1
167 1
168 1
169 1
170 1
171 1
172 1
173 1
174 1
175 1
176 1
177 1
178 1
179 1
180 1
181 1
182 1
183 1
184 1
185 1
186 1
187 1
188 1
189 1
190 1
191 1
192 1
193 1
194 1
195 1
196 1
197 1
198 1
199 1
200 1
201 1
202 1
203 1
204 1
205 1
206 1
207 1
208 1
209 1
210 1
211 1
212 1
213 1
214 1
215 1
216 1
217 1
218 1
219 1
220 1
221 1
222 1
223 1
224 1
225 1
226 1
227 1
228 1
229 1
230 1
231 1
232 1
233 1
234 1
235 1
236 1
237 1
238 1
239 1
240 1
241 1
242 1
243 1
244 1
245 1
246 1
247 1
248 1
249 1
250 1
251 1
252 1
253 1
254 1
255 1
256 1
257 1
258 1
259 1
260 1
261 1
262 1
263 1
264 1
265 1
266 1
267 1
268 1
269 1
270 1
271 1
272 1
273 1
274 1
275 1
276 1
