1 3
2 4
3 6
4 7
5 8
6 6
7 4
8 4
9 4
10 4
11 8
12 6
13 5
14 4
15 3
16 4
17 6
18 6
19 6
20 7
21 7
22 6
23 6
24 6
25 6
26 5
27 6
28 5
29 5
30 6
31 6
32 6
33 5
34 6
35 6
36 7
37 6
38 7
39 7
40 6
41 6
42 5
43 5
44 5
45 5
46 5
47 5
48 4
49 5
50 5
51 5
52 5
53 5
54 5
55 4
56 4
57 5
58 4
59 3
60 3
61 4
62 3
63 4
64 3
65 3
66 4
67 3
68 4
69 3
70 3
71 3
72 2
73 2
74 3
75 2
76 3
77 1
78 2
79 2
80 2
81 2
82 2
83 2
84 2
85 2
86 1
87 1
88 1
89 1
90 1
91 1
92 1
93 1
94 1
95 2
96 2
97 2
98 2
99 2
100 2
101 2
102 1
103 2
104 1
105 2
106 1
107 2
108 3
109 2
110 2
111 2
112 2
113 2
114 2
115 1
116 1
117 1
118 1
119 1
120 1
121 1
122 1
123 1
124 1
125 1
126 1
127 1
128 1
129 1
130 1
131 1
132 1
133 3
134 2
135 2
136 1
137 2
138 1
139 1
140 1
141 1
142 2
143 1
144 1
145 1
146 2
147 2
148 1
149 1
150 1
151 2
152 1
153 1
154 1
155 2
156 1
157 1
158 1
159 1
160 1
161 1
162 1
163 1
164 1
165 1
166 1
167 1
168 1
169 1
170 1
171 1
172 1
173 1
174 1
175 1
