1 3
2 5
3 5
4 9
5 9
6 8
7 7
8 7
9 6
10 8
11 6
12 7
13 6
14 8
15 7
16 7
17 6
18 7
19 8
20 6
21 7
22 6
23 7
24 7
25 6
26 6
27 5
28 6
29 7
30 6
31 7
32 7
33 6
34 5
35 6
36 5
37 5
38 4
39 5
40 4
41 6
42 6
43 6
44 5
45 6
46 5
47 4
48 5
49 4
50 3
51 4
52 4
53 3
54 3
55 4
56 3
57 4
58 4
59 4
60 3
61 4
62 4
63 2
64 3
65 2
66 2
67 2
68 2
69 2
70 3
71 1
72 3
73 2
74 3
75 3
76 4
77 4
78 3
79 4
80 4
81 3
82 4
83 3
84 3
85 2
86 2
87 2
88 2
89 2
90 2
91 1
92 2
93 2
94 1
95 1
96 2
97 1
98 2
99 2
100 1
101 2
102 1
103 2
104 1
105 2
106 1
107 2
108 2
109 2
110 2
111 2
112 2
113 2
114 2
115 1
116 2
117 1
118 2
119 2
120 2
121 2
122 1
123 1
124 2
125 1
126 1
127 1
128 1
129 1
130 1
131 1
132 1
133 1
134 1
135 1
136 1
137 1
138 1
139 1
140 1
141 1
142 1
143 2
144 2
145 2
146 1
147 2
148 2
149 1
150 1
151 1
152 2
153 1
154 1
155 1
156 1
157 2
158 1
159 1
160 1
161 1
162 1
163 1
164 1
165 1
166 1
167 1
168 1
169 1
170 1
171 1
172 2
173 1
174 2
175 1
176 2
177 1
178 1
179 1
180 1
181 1
182 1
183 1
184 1
185 1
186 2
187 1
188 2
189 2
190 1
191 1
192 1
