1 3
2 3
3 4
4 6
5 7
6 6
7 5
8 6
9 5
10 5
11 5
12 5
13 5
14 5
15 6
16 6
17 5
18 6
19 5
20 5
21 6
22 6
23 5
24 6
25 5
26 5
27 5
28 5
29 5
30 6
31 5
32 5
33 6
34 6
35 5
36 6
37 5
38 6
39 5
40 5
41 5
42 4
43 5
44 4
45 4
46 3
47 3
48 4
49 3
50 3
51 4
52 2
53 3
54 3
55 2
56 2
57 2
58 3
59 3
60 3
61 3
62 2
63 2
64 2
65 2
66 1
67 2
68 2
69 2
70 2
71 2
72 2
73 1
74 2
75 2
76 2
77 2
78 2
79 2
80 2
81 2
82 2
83 1
84 2
85 1
86 2
87 1
88 2
89 1
90 2
91 2
92 1
93 2
94 1
95 2
96 2
97 2
98 2
99 1
100 2
101 1
102 2
103 1
104 1
105 1
106 1
107 1
108 1
109 1
110 1
111 1
112 2
113 1
114 2
115 1
116 2
117 1
118 2
119 1
120 2
121 1
122 2
123 1
124 2
125 1
126 2
127 2
128 2
129 1
130 2
131 2
132 2
133 2
134 2
135 3
136 2
137 1
138 1
139 1
140 1
141 1
142 1
143 1
144 1
145 1
146 1
147 1
148 1
149 1
150 1
151 1
152 1
153 1
154 1
155 1
156 1
157 1
158 1
159 1
160 1
161 1
162 1
163 1
164 1
165 1
166 1
167 1
168 1
169 1
170 1
171 1
172 1
173 1
174 1
175 1
176 1
177 1
178 1
179 1
180 1
181 1
182 1
183 1
184 2
185 1
186 2
187 1
188 1
189 1
190 1
191 1
192 1
193 1
194 1
195 1
196 1
197 1
198 1
199 1
200 1
201 1
202 1
203 1
204 1
205 1
