1 4
2 6
3 7
4 11
5 13
6 11
7 9
8 10
9 9
10 10
11 8
12 8
13 8
14 8
15 9
16 10
17 10
18 8
19 9
20 9
21 8
22 7
23 7
24 7
25 9
26 8
27 9
28 9
29 9
30 9
31 8
32 8
33 7
34 6
35 4
36 3
37 4
38 3
39 3
40 4
41 4
42 5
43 4
44 4
45 5
46 4
47 3
48 3
49 3
50 3
51 2
52 3
53 3
54 3
55 4
56 4
57 4
58 4
59 3
60 2
61 1
62 3
63 3
64 3
65 2
66 1
67 2
68 3
69 2
70 2
71 3
72 2
73 2
74 2
75 2
76 2
77 4
78 2
79 3
80 2
81 2
82 2
83 1
84 2
85 3
86 2
87 2
88 3
89 2
90 4
91 3
92 3
93 4
94 5
95 4
96 3
97 3
98 2
99 2
100 3
101 1
102 1
103 3
104 2
105 3
106 3
107 2
108 2
109 2
110 2
111 2
112 3
113 3
114 3
115 2
116 2
117 2
118 2
119 2
120 3
121 3
122 3
123 3
124 3
125 2
126 2
127 3
128 2
129 2
130 2
131 2
132 1
133 2
134 1
135 2
136 2
137 1
138 2
139 2
140 3
141 3
142 2
143 3
144 2
145 1
146 1
147 2
148 1
149 1
150 1
151 1
152 1
153 1
154 1
155 1
156 1
157 1
158 1
159 1
160 1
161 1
162 1
163 1
164 1
165 1
166 1
167 1
168 1
169 1
