1 4
2 5
3 7
4 9
5 11
6 9
7 8
8 7
9 8
10 7
11 8
12 7
13 8
14 7
15 9
16 8
17 7
18 9
19 7
20 7
21 8
22 8
23 8
24 7
25 7
26 6
27 9
28 8
29 7
30 6
31 6
32 5
33 4
34 5
35 4
36 4
37 3
38 4
39 3
40 4
41 3
42 4
43 3
44 3
45 3
46 3
47 2
48 3
49 3
50 3
51 3
52 2
53 4
54 4
55 5
56 4
57 5
58 3
59 4
60 3
61 4
62 3
63 3
64 3
65 2
66 2
67 2
68 2
69 2
70 2
71 2
72 1
73 2
74 2
75 3
76 2
77 2
78 2
79 2
80 3
81 2
82 1
83 1
84 1
85 1
86 1
87 2
88 1
89 1
90 1
91 1
92 2
93 1
94 2
95 1
96 2
97 1
98 2
99 2
100 2
101 2
102 2
103 2
104 2
105 2
106 1
107 1
108 1
109 2
110 1
111 2
112 2
113 1
114 1
115 2
116 1
117 1
118 1
119 1
120 1
121 3
122 2
123 1
124 1
125 1
126 1
127 1
128 1
129 1
