1 4
2 5
3 8
4 9
5 12
6 8
7 8
8 8
9 7
10 8
11 8
12 8
13 7
14 8
15 8
16 8
17 7
18 7
19 8
20 8
21 7
22 8
23 7
24 8
25 8
26 8
27 7
28 6
29 5
30 5
31 6
32 5
33 5
34 5
35 5
36 5
37 4
38 5
39 4
40 4
41 4
42 3
43 5
44 4
45 5
46 5
47 5
48 4
49 5
50 4
51 4
52 3
53 3
54 3
55 2
56 2
57 2
58 1
59 2
60 3
61 3
62 4
63 3
64 4
65 2
66 2
67 2
68 2
69 3
70 2
71 2
72 2
73 2
74 2
75 2
76 2
77 2
78 2
79 2
80 3
81 2
82 1
83 1
84 1
85 2
86 2
87 1
88 2
89 1
90 2
91 2
92 2
93 2
94 2
95 3
96 2
97 2
98 2
99 2
100 2
101 2
102 1
103 2
104 1
105 1
106 1
107 2
108 2
109 2
110 1
111 2
112 2
113 2
114 1
115 1
116 1
117 2
118 1
119 1
120 1
121 1
122 1
123 1
124 1
125 1
126 1
