1 3
2 2
3 5
4 6
5 7
6 7
7 6
8 5
9 5
10 5
11 4
12 6
13 5
14 5
15 6
16 6
17 5
18 5
19 6
20 6
21 6
22 6
23 5
24 6
25 5
26 5
27 5
28 5
29 5
30 5
31 4
32 6
33 5
34 5
35 5
36 5
37 6
38 5
39 5
40 5
41 4
42 4
43 3
44 4
45 3
46 2
47 2
48 3
49 3
50 2
51 3
52 3
53 2
54 2
55 2
56 3
57 2
58 3
59 2
60 3
61 2
62 2
63 2
64 3
65 2
66 2
67 2
68 2
69 2
70 3
71 2
72 2
73 2
74 2
75 2
76 2
77 2
78 2
79 2
80 2
81 3
82 3
83 2
84 2
85 1
86 2
87 3
88 1
89 2
90 2
91 1
92 2
93 1
94 2
95 2
96 1
97 2
98 2
99 1
100 1
101 2
102 1
103 2
104 1
105 1
106 2
107 3
108 2
109 3
110 2
111 1
112 2
113 2
114 1
115 1
116 1
117 2
118 1
119 1
120 1
121 1
122 1
123 1
124 1
125 1
126 1
127 1
128 2
129 1
130 1
131 2
132 1
133 1
134 1
135 1
136 1
137 1
138 1
139 1
140 1
141 1
142 1
143 1
144 1
145 1
146 1
147 1
148 1
149 1
150 1
151 1
152 1
153 1
154 1
155 1
156 1
157 1
