1 3
2 3
3 5
4 7
5 7
6 7
7 6
8 5
9 5
10 5
11 5
12 6
13 6
14 6
15 5
16 6
17 5
18 5
19 5
20 5
21 5
22 6
23 5
24 6
25 6
26 6
27 5
28 6
29 5
30 6
31 6
32 6
33 6
34 6
35 6
36 6
37 6
38 6
39 6
40 5
41 6
42 5
43 5
44 4
45 4
46 5
47 3
48 4
49 3
50 2
51 4
52 3
53 4
54 3
55 4
56 4
57 3
58 4
59 3
60 4
61 4
62 3
63 3
64 3
65 3
66 4
67 3
68 4
69 3
70 3
71 3
72 3
73 3
74 3
75 3
76 2
77 2
78 3
79 3
80 3
81 2
82 3
83 3
84 4
85 3
86 3
87 3
88 3
89 3
90 2
91 2
92 2
93 3
94 3
95 2
96 3
97 3
98 3
99 2
100 3
101 2
102 2
103 2
104 2
105 2
106 3
107 3
108 1
109 3
110 2
111 3
112 2
113 1
114 1
115 1
116 1
117 1
118 1
119 2
120 1
121 1
122 1
123 1
124 2
125 1
126 1
127 2
128 1
129 1
130 1
131 2
132 2
133 1
134 1
135 2
136 1
137 2
138 1
139 2
140 2
141 2
142 2
143 2
144 3
145 2
146 1
147 2
148 2
149 1
150 1
151 2
152 2
153 1
154 2
155 2
156 2
157 2
158 2
159 2
160 2
161 1
162 2
163 1
164 2
165 1
166 1
167 1
168 1
169 1
170 1
171 1
172 1
173 2
174 2
175 1
176 2
177 1
178 2
179 1
180 2
181 2
182 1
183 2
184 1
185 2
186 1
187 2
188 1
189 1
190 1
191 2
192 1
193 2
194 1
195 1
196 2
197 1
198 2
199 1
200 1
201 2
202 1
203 2
204 1
205 1
206 2
207 1
208 1
209 2
210 1
211 2
212 1
213 2
214 2
215 1
216 2
217 2
218 1
219 1
220 2
221 2
222 1
223 2
224 2
225 1
226 3
227 2
228 2
229 2
230 2
231 2
232 1
233 2
234 1
235 1
236 1
237 1
238 1
239 1
240 1
241 1
242 1
243 1
244 1
245 1
246 1
247 1
248 2
249 1
250 1
251 1
252 1
253 1
254 1
255 1
256 1
257 1
258 1
259 1
260 2
261 1
262 1
263 1
264 1
265 1
266 1
267 1
268 1
269 1
270 1
271 1
272 1
273 1
274 1
275 1
276 1
277 1
278 1
279 1
280 1
281 1
282 1
283 1
284 1
285 1
