1 3
2 3
3 4
4 5
5 8
6 7
7 5
8 5
9 5
10 6
11 5
12 4
13 5
14 6
15 6
16 5
17 6
18 5
19 6
20 5
21 6
22 5
23 6
24 4
25 6
26 5
27 5
28 6
29 5
30 6
31 5
32 4
33 6
34 5
35 5
36 5
37 5
38 5
39 5
40 5
41 4
42 4
43 4
44 3
45 4
46 3
47 3
48 3
49 3
50 3
51 3
52 2
53 3
54 2
55 2
56 2
57 3
58 4
59 3
60 3
61 3
62 3
63 2
64 3
65 3
66 2
67 2
68 2
69 3
70 3
71 2
72 3
73 2
74 3
75 3
76 2
77 3
78 2
79 3
80 2
81 3
82 2
83 2
84 3
85 1
86 2
87 1
88 1
89 1
90 1
91 1
92 1
93 1
94 1
95 1
96 1
97 2
98 2
99 2
100 1
101 2
102 2
103 2
104 2
105 1
106 2
107 1
108 2
109 1
110 2
111 2
112 1
113 1
114 1
115 2
116 1
117 2
118 1
119 2
120 2
121 2
122 1
123 2
124 2
125 1
126 2
127 1
128 2
129 1
130 2
131 1
132 1
133 2
134 1
135 1
136 1
137 1
138 1
139 1
140 2
141 1
142 1
143 1
144 1
145 1
146 1
147 1
148 1
149 1
150 1
151 1
152 2
153 2
154 2
155 2
156 1
157 1
158 2
159 1
160 1
161 1
162 1
163 1
164 1
165 1
166 1
167 1
168 1
169 1
170 1
171 1
172 1
173 1
174 1
175 1
176 1
177 1
178 1
179 1
180 1
181 1
182 1
183 1
184 1
185 1
186 1
187 1
188 1
189 1
190 1
191 2
192 1
193 1
194 1
195 1
196 1
197 1
198 1
199 1
200 1
201 1
202 1
203 1
204 1
205 1
206 1
207 1
208 1
209 1
210 1
211 1
212 1
213 1
214 1
215 1
216 1
217 1
218 1
219 1
220 1
221 1
222 1
223 1
224 1
225 1
226 1
227 1
228 1
229 1
230 1
