1 4
2 3
3 6
4 8
5 10
6 8
7 5
8 7
9 6
10 7
11 8
12 8
13 7
14 7
15 6
16 6
17 7
18 6
19 6
20 7
21 6
22 6
23 6
24 6
25 7
26 7
27 6
28 7
29 7
30 7
31 6
32 6
33 5
34 6
35 5
36 4
37 4
38 4
39 5
40 6
41 5
42 4
43 3
44 4
45 4
46 4
47 3
48 3
49 3
50 2
51 2
52 1
53 2
54 2
55 2
56 3
57 3
58 2
59 2
60 2
61 3
62 3
63 2
64 3
65 3
66 2
67 2
68 2
69 2
70 2
71 2
72 1
73 2
74 2
75 1
76 2
77 2
78 2
79 2
80 3
81 3
82 3
83 2
84 2
85 2
86 2
87 2
88 2
89 1
90 2
91 2
92 1
93 1
94 1
95 1
96 1
97 1
98 2
99 1
100 2
101 1
102 1
103 2
104 1
105 1
106 1
107 1
108 1
109 1
110 1
111 1
112 1
113 2
114 1
115 2
116 1
117 1
118 1
119 2
120 2
121 1
122 2
123 1
124 1
125 1
126 1
127 1
128 1
129 1
