1 3
2 3
3 5
4 6
5 7
6 7
7 6
8 5
9 5
10 6
11 6
12 7
13 5
14 5
15 6
16 5
17 5
18 5
19 5
20 6
21 5
22 6
23 6
24 5
25 6
26 5
27 4
28 5
29 4
30 5
31 6
32 6
33 5
34 5
35 6
36 5
37 6
38 6
39 6
40 5
41 5
42 5
43 5
44 4
45 4
46 4
47 5
48 5
49 4
50 4
51 4
52 5
53 4
54 4
55 3
56 4
57 4
58 4
59 4
60 4
61 3
62 3
63 3
64 4
65 3
66 4
67 3
68 3
69 3
70 2
71 3
72 2
73 3
74 3
75 3
76 3
77 3
78 3
79 3
80 2
81 3
82 3
83 2
84 3
85 3
86 3
87 3
88 4
89 2
90 2
91 2
92 2
93 2
94 2
95 2
96 2
97 2
98 3
99 2
100 3
101 2
102 2
103 3
104 2
105 2
106 2
107 3
108 2
109 2
110 3
111 2
112 3
113 2
114 2
115 3
116 1
117 2
118 1
119 1
120 1
121 1
122 1
123 1
124 1
125 1
126 1
127 1
128 1
129 1
130 1
131 1
132 1
133 1
134 1
135 1
136 1
137 1
138 1
139 1
140 2
141 1
142 1
143 1
144 1
145 1
146 1
147 1
148 1
149 1
150 1
151 1
152 1
153 1
154 1
155 1
156 1
157 1
158 1
159 1
160 1
161 1
162 1
163 1
164 1
165 1
166 1
167 1
168 1
169 1
