1 3
2 3
3 3
4 7
5 7
6 6
7 6
8 5
9 5
10 4
11 6
12 5
13 5
14 4
15 5
16 5
17 5
18 6
19 5
20 4
21 5
22 6
23 5
24 5
25 6
26 5
27 5
28 5
29 6
30 5
31 5
32 5
33 6
34 5
35 5
36 6
37 5
38 5
39 5
40 4
41 5
42 4
43 3
44 4
45 3
46 3
47 3
48 3
49 3
50 3
51 3
52 3
53 3
54 3
55 2
56 3
57 4
58 3
59 5
60 3
61 3
62 4
63 3
64 3
65 3
66 3
67 3
68 3
69 3
70 3
71 2
72 3
73 2
74 3
75 2
76 2
77 2
78 2
79 1
80 2
81 2
82 2
83 2
84 2
85 2
86 2
87 1
88 2
89 2
90 3
91 2
92 2
93 2
94 2
95 2
96 2
97 2
98 1
99 2
100 2
101 2
102 2
103 3
104 1
105 1
106 1
107 1
108 1
109 1
110 1
111 1
112 1
113 1
114 1
115 1
116 1
117 1
118 1
119 1
120 1
121 1
122 1
