1 3
2 3
3 5
4 6
5 8
6 7
7 6
8 5
9 3
10 4
11 5
12 4
13 4
14 4
15 4
16 5
17 4
18 5
19 3
20 5
21 4
22 5
23 6
24 5
25 5
26 5
27 6
28 5
29 4
30 4
31 4
32 4
33 5
34 4
35 4
36 5
37 4
38 5
39 6
40 5
41 4
42 5
43 5
44 6
45 4
46 5
47 4
48 3
49 3
50 3
51 2
52 2
53 3
54 2
55 3
56 1
57 2
58 1
59 3
60 2
61 1
62 3
63 2
64 2
65 1
66 2
67 2
68 3
69 2
70 3
71 2
72 2
73 3
74 3
75 3
76 3
77 2
78 3
79 2
80 2
81 1
82 2
83 2
84 2
85 2
86 3
87 2
88 1
89 2
90 2
91 1
92 2
93 2
94 1
95 2
96 1
97 1
98 1
99 1
100 2
101 1
102 1
103 1
104 1
105 1
106 1
107 2
108 1
109 1
110 2
111 1
112 1
113 1
114 1
115 1
116 1
117 1
118 1
119 1
120 1
121 1
122 1
123 1
