1 4
2 6
3 8
4 11
5 13
6 11
7 11
8 11
9 11
10 10
11 11
12 9
13 10
14 11
15 9
16 8
17 9
18 9
19 9
20 9
21 9
22 8
23 6
24 8
25 7
26 7
27 7
28 6
29 5
30 6
31 4
32 3
33 4
34 2
35 2
36 2
37 2
38 2
39 3
40 3
41 2
42 2
43 3
44 2
45 2
46 1
47 4
48 5
49 5
50 3
51 4
52 5
53 4
54 4
55 3
56 3
57 5
58 4
59 4
60 4
61 3
62 3
63 2
64 2
65 1
66 2
67 2
68 3
69 3
70 2
71 2
72 2
73 3
74 4
75 3
76 2
77 2
78 2
79 3
80 1
81 2
82 3
83 2
84 3
85 2
86 3
87 3
88 3
89 3
90 3
91 2
92 3
93 1
94 2
95 2
96 1
97 2
98 2
99 1
100 1
101 2
