1 4
2 4
3 6
4 9
5 10
6 8
7 7
8 7
9 7
10 7
11 8
12 8
13 8
14 8
15 7
16 7
17 8
18 8
19 8
20 6
21 7
22 8
23 7
24 7
25 7
26 7
27 7
28 7
29 7
30 6
31 7
32 6
33 4
34 4
35 5
36 3
37 5
38 4
39 4
40 3
41 4
42 3
43 2
44 2
45 2
46 3
47 2
48 3
49 4
50 4
51 5
52 3
53 3
54 4
55 4
56 3
57 4
58 3
59 2
60 3
61 3
62 2
63 2
64 2
65 3
66 2
67 3
68 2
69 2
70 3
71 2
72 2
73 2
74 2
75 2
76 2
77 2
78 2
79 1
80 2
81 1
82 1
83 2
84 1
85 1
86 1
87 2
88 2
89 2
90 2
91 2
92 2
93 2
94 2
95 2
96 2
97 2
98 2
99 3
100 2
101 3
102 2
103 2
104 1
105 2
106 2
107 2
108 2
109 1
110 2
111 1
112 2
113 1
114 1
115 1
116 1
117 1
118 1
119 1
120 2
121 1
122 1
123 1
124 1
125 1
126 1
127 1
128 1
