1 3
2 4
3 6
4 7
5 9
6 6
7 4
8 3
9 3
10 3
11 4
12 4
13 4
14 3
15 3
16 4
17 4
18 4
19 5
20 4
21 3
22 4
23 3
24 3
25 3
26 3
27 3
28 2
29 3
30 3
31 2
32 3
33 3
34 2
35 3
36 2
37 3
38 3
39 3
40 3
41 4
42 3
43 4
44 5
45 4
46 5
47 4
48 5
49 5
50 5
51 5
52 4
53 5
54 5
55 4
56 5
57 4
58 5
59 3
60 3
61 3
62 3
63 3
64 2
65 2
66 2
67 2
68 3
69 3
70 3
71 3
72 3
73 3
74 3
75 3
76 1
77 1
78 3
79 2
80 3
81 2
82 3
83 2
84 3
85 2
86 2
87 3
88 2
89 2
90 2
91 3
92 1
93 1
94 2
95 2
96 1
97 2
98 1
99 2
100 2
101 2
102 1
103 2
104 1
105 2
106 1
107 1
108 2
109 2
110 2
111 1
112 2
113 1
114 2
115 1
116 1
117 1
118 1
119 1
120 1
121 1
122 1
123 1
124 1
125 1
126 1
127 1
128 1
129 1
130 1
131 1
132 1
133 1
134 1
135 1
136 1
137 2
138 1
139 1
140 1
141 2
142 1
143 1
144 2
145 1
146 1
147 2
148 1
149 1
150 1
151 1
152 1
153 1
154 2
155 2
156 1
157 1
158 1
159 1
160 1
161 1
162 1
163 1
164 1
165 1
166 1
167 1
168 1
169 1
170 1
171 1
172 1
173 1
