1 6
2 7
3 12
4 15
5 19
6 16
7 15
8 13
9 15
10 14
11 14
12 14
13 13
14 12
15 13
16 12
17 12
18 12
19 12
20 11
21 10
22 10
23 8
24 7
25 6
26 6
27 7
28 6
29 7
30 7
31 7
32 5
33 6
34 6
35 7
36 9
37 7
38 4
39 4
40 2
41 3
42 4
43 5
44 3
45 4
46 4
47 4
48 3
49 2
50 1
51 2
52 3
53 3
54 2
55 2
56 2
57 2
58 2
59 2
60 2
61 2
62 2
63 3
64 2
65 4
66 4
67 5
68 4
69 3
70 3
71 3
72 3
73 3
74 3
75 2
76 4
77 3
78 2
79 3
80 3
81 4
82 3
83 4
84 4
85 4
86 3
87 4
88 4
89 3
90 3
91 4
92 3
93 3
94 2
95 2
96 2
97 3
98 2
99 2
100 1
101 1
102 1
103 1
104 2
