1 4
2 5
3 9
4 10
5 13
6 11
7 10
8 9
9 8
10 9
11 10
12 10
13 10
14 9
15 10
16 10
17 9
18 7
19 8
20 8
21 8
22 8
23 9
24 9
25 6
26 8
27 10
28 8
29 9
30 8
31 9
32 7
33 6
34 5
35 6
36 5
37 5
38 4
39 5
40 4
41 4
42 4
43 5
44 6
45 4
46 4
47 4
48 3
49 4
50 4
51 4
52 2
53 3
54 3
55 3
56 2
57 3
58 3
59 3
60 3
61 3
62 4
63 3
64 3
65 3
66 3
67 2
68 3
69 1
70 2
71 2
72 1
73 2
74 2
75 1
76 2
77 2
78 2
79 1
80 2
81 2
82 3
83 3
84 3
85 3
86 3
87 3
88 2
89 2
90 1
91 2
92 2
93 1
94 1
95 2
96 1
97 2
98 1
99 1
100 1
101 1
102 1
