1 4
2 4
3 7
4 8
5 10
6 9
7 6
8 6
9 6
10 8
11 7
12 6
13 8
14 8
15 8
16 7
17 7
18 8
19 8
20 7
21 7
22 7
23 6
24 6
25 6
26 6
27 7
28 8
29 8
30 8
31 8
32 7
33 7
34 5
35 5
36 6
37 5
38 4
39 3
40 3
41 4
42 3
43 4
44 3
45 2
46 3
47 2
48 3
49 3
50 2
51 3
52 3
53 3
54 3
55 4
56 3
57 2
58 2
59 1
60 2
61 1
62 2
63 3
64 3
65 3
66 4
67 2
68 3
69 2
70 2
71 3
72 2
73 3
74 2
75 2
76 3
77 3
78 2
79 2
80 1
81 2
82 1
83 2
84 2
85 1
86 2
87 2
88 1
89 1
90 1
91 1
92 1
93 1
94 1
95 1
96 2
97 1
98 1
99 1
100 1
101 2
102 1
103 1
104 1
105 1
106 1
107 1
108 1
109 1
