1 4
2 6
3 7
4 11
5 13
6 11
7 9
8 9
9 8
10 9
11 9
12 9
13 9
14 9
15 9
16 9
17 9
18 8
19 9
20 9
21 7
22 8
23 8
24 7
25 6
26 7
27 8
28 10
29 9
30 7
31 8
32 8
33 6
34 6
35 5
36 6
37 4
38 5
39 7
40 7
41 6
42 6
43 6
44 7
45 7
46 5
47 5
48 4
49 3
50 4
51 4
52 3
53 3
54 3
55 2
56 2
57 3
58 2
59 2
60 2
61 2
62 2
63 2
64 3
65 1
66 2
67 2
68 2
69 3
70 2
71 3
72 3
73 2
74 3
75 2
76 3
77 4
78 2
79 3
80 3
81 2
82 2
83 3
84 2
85 3
86 2
87 4
88 4
89 3
90 2
91 3
92 2
93 3
94 2
95 3
96 2
97 2
98 3
99 3
100 2
101 2
102 2
103 3
104 4
105 3
106 3
107 2
108 3
109 2
110 2
111 3
112 2
113 2
114 2
115 2
116 2
117 1
118 2
119 1
120 3
121 2
122 3
123 1
124 2
125 1
126 1
127 1
128 1
129 1
130 1
131 1
132 1
133 1
134 1
135 1
