1 4
2 5
3 8
4 9
5 12
6 10
7 8
8 8
9 8
10 8
11 8
12 9
13 7
14 8
15 8
16 7
17 7
18 9
19 7
20 8
21 7
22 7
23 7
24 7
25 8
26 7
27 7
28 5
29 4
30 5
31 5
32 5
33 5
34 5
35 5
36 5
37 5
38 3
39 4
40 3
41 4
42 4
43 3
44 3
45 2
46 3
47 4
48 3
49 3
50 4
51 4
52 3
53 3
54 3
55 4
56 2
57 2
58 2
59 2
60 2
61 2
62 2
63 2
64 2
65 1
66 3
67 2
68 2
69 3
70 2
71 2
72 2
73 2
74 2
75 1
76 2
77 2
78 1
79 2
80 2
81 2
82 2
83 3
84 2
85 3
86 3
87 3
88 2
89 2
90 3
91 2
92 2
93 1
94 2
95 3
96 3
97 3
98 3
99 3
100 3
101 2
102 2
103 1
104 1
105 1
106 1
107 1
108 1
109 2
110 1
111 1
112 1
113 1
114 1
115 2
116 1
117 1
