1 2
2 3
3 3
4 4
5 7
6 6
7 4
8 4
9 3
10 2
11 3
12 3
13 3
14 4
15 3
16 4
17 3
18 3
19 4
20 5
21 4
22 4
23 4
24 3
25 4
26 4
27 3
28 4
29 3
30 4
31 3
32 4
33 4
34 4
35 4
36 4
37 3
38 4
39 4
40 3
41 4
42 4
43 4
44 4
45 4
46 4
47 5
48 5
49 4
50 4
51 4
52 5
53 4
54 4
55 4
56 4
57 3
58 4
59 3
60 3
61 3
62 3
63 2
64 3
65 2
66 3
67 3
68 2
69 2
70 2
71 2
72 3
73 2
74 2
75 2
76 2
77 1
78 3
79 3
80 3
81 3
82 3
83 3
84 3
85 2
86 2
87 1
88 1
89 1
90 2
91 1
92 1
93 1
94 1
95 2
96 1
97 1
98 2
99 2
100 2
101 2
102 2
103 2
104 3
105 2
106 2
107 2
108 1
109 2
110 1
111 2
112 1
113 1
114 1
115 1
116 1
117 1
118 1
119 1
120 1
121 1
122 1
123 2
124 1
125 2
126 1
127 1
128 1
129 1
130 2
131 1
132 1
133 1
134 1
135 1
136 1
137 1
138 1
139 1
140 1
141 1
142 1
143 1
144 1
145 1
146 1
147 1
148 1
149 1
150 2
151 1
152 1
153 1
154 1
155 1
156 1
157 1
158 2
159 1
160 1
161 1
162 1
163 1
164 1
165 1
