1 3
2 2
3 6
4 7
5 8
6 8
7 5
8 4
9 4
10 5
11 5
12 4
13 5
14 5
15 4
16 5
17 5
18 5
19 4
20 6
21 5
22 5
23 6
24 4
25 5
26 5
27 5
28 5
29 5
30 5
31 5
32 6
33 5
34 6
35 5
36 5
37 5
38 5
39 4
40 4
41 3
42 3
43 4
44 4
45 3
46 3
47 4
48 4
49 4
50 4
51 3
52 3
53 3
54 3
55 4
56 4
57 4
58 4
59 4
60 3
61 3
62 3
63 2
64 2
65 3
66 2
67 1
68 3
69 3
70 2
71 2
72 2
73 1
74 2
75 1
76 3
77 2
78 2
79 2
80 2
81 1
82 1
83 1
84 2
85 2
86 2
87 1
88 1
89 2
90 1
91 2
92 1
93 1
94 1
95 1
96 2
97 1
98 1
99 2
100 2
101 1
102 2
103 1
104 2
105 2
106 1
107 1
108 1
109 1
110 1
111 2
112 2
113 2
114 2
115 1
116 2
117 1
118 1
119 2
120 1
121 1
122 2
123 1
