1 2
2 2
3 4
4 5
5 6
6 5
7 4
8 4
9 2
10 3
11 2
12 3
13 2
14 3
15 3
16 3
17 3
18 2
19 3
20 2
21 3
22 3
23 4
24 3
25 4
26 4
27 4
28 3
29 3
30 3
31 3
32 4
33 3
34 4
35 2
36 4
37 4
38 3
39 3
40 3
41 4
42 3
43 3
44 3
45 4
46 3
47 2
48 3
49 3
50 4
51 3
52 4
53 4
54 3
55 4
56 2
57 3
58 3
59 4
60 3
61 3
62 3
63 2
64 3
65 2
66 3
67 2
68 3
69 2
70 3
71 2
72 3
73 2
74 2
75 2
76 2
77 2
78 3
79 1
80 2
81 1
82 2
83 2
84 1
85 2
86 2
87 2
88 2
89 2
90 2
91 1
92 2
93 2
94 2
95 2
96 2
97 2
98 2
99 3
100 2
101 3
102 2
103 2
104 3
105 3
106 2
107 2
108 3
109 2
110 2
111 2
112 1
113 2
114 2
115 3
116 2
117 3
118 2
119 2
120 1
121 1
122 1
123 2
124 1
125 1
126 1
127 1
128 1
129 2
130 2
131 1
132 2
133 2
134 2
135 2
136 2
137 1
138 2
139 3
140 1
141 2
142 1
143 2
144 1
145 1
146 1
147 1
148 1
149 1
150 1
151 1
152 1
153 1
154 1
155 1
156 1
157 1
158 1
159 1
160 1
161 1
162 1
163 1
164 1
165 1
166 1
167 1
168 1
169 1
170 1
171 1
172 1
173 1
174 1
175 1
176 1
177 1
178 1
179 1
180 1
181 1
182 1
183 1
184 1
185 1
186 2
187 1
188 1
189 1
190 1
191 1
192 2
193 2
194 1
195 1
196 1
197 1
198 1
199 1
200 1
201 1
202 1
203 1
204 1
205 1
206 1
207 1
208 1
209 1
210 1
211 1
212 1
213 1
214 1
215 1
216 1
217 1
218 1
219 1
220 1
221 1
222 1
223 1
224 1
225 1
226 1
227 1
228 1
229 1
230 1
231 1
232 1
233 1
234 1
235 1
236 1
237 1
238 1
239 1
240 1
241 1
242 1
243 1
244 1
245 1
246 1
247 1
248 1
249 1
250 1
251 1
252 1
253 1
254 1
255 1
256 1
257 1
258 1
259 1
260 1
261 1
262 1
263 1
264 1
265 1
266 1
267 1
268 1
269 1
270 1
271 1
272 1
273 1
274 1
275 1
276 1
277 1
278 1
279 1
280 1
281 1
282 1
283 1
284 1
285 1
286 1
287 1
288 1
289 1
