1 2
2 1
3 3
4 5
5 4
6 5
7 4
8 4
9 2
10 3
11 2
12 3
13 3
14 2
15 2
16 3
17 3
18 3
19 2
20 3
21 3
22 3
23 3
24 4
25 3
26 3
27 2
28 2
29 3
30 2
31 3
32 2
33 2
34 2
35 2
36 2
37 2
38 2
39 3
40 2
41 3
42 3
43 3
44 3
45 4
46 2
47 3
48 3
49 2
50 3
51 3
52 2
53 3
54 4
55 3
56 3
57 3
58 4
59 3
60 3
61 3
62 2
63 4
64 3
65 3
66 2
67 3
68 2
69 2
70 2
71 1
72 2
73 2
74 1
75 2
76 2
77 2
78 1
79 2
80 1
81 1
82 1
83 1
84 1
85 1
86 2
87 1
88 1
89 2
90 1
91 1
92 2
93 1
94 2
95 1
96 2
97 1
98 1
99 2
100 1
101 2
102 2
103 2
104 2
105 1
106 2
107 1
108 2
109 1
110 2
111 2
112 1
113 2
114 2
115 2
116 2
117 2
118 1
119 1
120 2
121 2
122 2
123 2
124 1
125 2
126 1
127 1
128 2
129 2
130 3
131 1
132 2
133 1
134 1
135 1
136 1
137 1
138 2
139 1
140 1
141 1
142 1
143 1
144 1
145 1
146 1
147 1
148 1
149 1
150 1
151 1
152 1
153 1
154 1
155 1
156 1
157 1
158 1
159 1
160 1
161 1
162 1
163 1
