1 2
2 2
3 4
4 5
5 5
6 6
7 5
8 4
9 3
10 3
11 2
12 1
13 2
14 2
15 2
16 3
17 3
18 3
19 4
20 3
21 2
22 3
23 3
24 4
25 3
26 3
27 4
28 3
29 4
30 4
31 3
32 3
33 4
34 3
35 3
36 2
37 3
38 3
39 3
40 4
41 3
42 3
43 4
44 3
45 4
46 4
47 3
48 4
49 4
50 4
51 4
52 4
53 4
54 4
55 3
56 3
57 3
58 2
59 3
60 2
61 3
62 2
63 1
64 2
65 2
66 3
67 3
68 2
69 2
70 3
71 2
72 2
73 2
74 2
75 2
76 2
77 2
78 1
79 2
80 1
81 2
82 2
83 2
84 2
85 2
86 2
87 2
88 2
89 2
90 2
91 3
92 2
93 2
94 1
95 1
96 2
97 1
98 3
99 1
100 2
101 1
102 2
103 2
104 2
105 2
106 1
107 2
108 1
109 1
110 2
111 1
112 2
113 2
114 2
115 3
116 2
117 2
118 1
119 2
120 1
121 2
122 1
123 2
124 2
125 1
126 1
127 2
128 1
129 1
130 1
131 1
132 1
133 1
134 1
135 1
136 1
137 1
138 1
139 1
140 1
141 1
142 1
143 1
144 1
145 1
146 1
147 1
148 1
149 1
150 1
151 1
152 1
153 1
154 1
155 1
156 1
157 1
158 1
159 1
160 1
161 1
162 1
163 1
164 1
165 1
166 1
167 1
168 1
169 1
170 1
171 1
172 1
173 1
174 1
175 1
