1 3
2 2
3 5
4 6
5 8
6 7
7 5
8 3
9 3
10 4
11 2
12 4
13 3
14 4
15 4
16 4
17 4
18 4
19 3
20 4
21 5
22 5
23 4
24 4
25 5
26 4
27 5
28 4
29 5
30 5
31 4
32 5
33 4
34 5
35 5
36 6
37 5
38 4
39 5
40 4
41 5
42 5
43 5
44 4
45 4
46 3
47 4
48 3
49 3
50 3
51 2
52 3
53 2
54 3
55 2
56 3
57 3
58 3
59 3
60 3
61 3
62 3
63 3
64 2
65 2
66 3
67 3
68 2
69 3
70 3
71 2
72 2
73 3
74 2
75 3
76 3
77 3
78 4
79 3
80 3
81 3
82 3
83 3
84 3
85 4
86 3
87 3
88 3
89 2
90 2
91 2
92 1
93 1
94 2
95 2
96 1
97 2
98 2
99 1
100 1
101 2
102 1
103 1
104 2
105 1
106 1
107 1
108 2
109 1
110 2
111 2
112 2
113 2
114 1
115 1
116 1
117 1
118 2
119 1
120 2
121 1
122 1
123 1
124 2
125 1
126 2
127 1
128 2
129 1
130 2
131 2
132 2
133 1
134 2
135 2
136 2
137 1
138 1
139 1
140 1
141 1
142 1
143 1
144 1
145 1
146 1
147 1
148 1
