1 2
2 1
3 3
4 4
5 4
6 4
7 5
8 4
9 2
10 3
11 2
12 2
13 2
14 2
15 3
16 2
17 3
18 3
19 2
20 3
21 3
22 2
23 3
24 3
25 3
26 2
27 2
28 3
29 2
30 3
31 2
32 3
33 2
34 2
35 2
36 3
37 2
38 3
39 3
40 2
41 2
42 2
43 3
44 3
45 3
46 3
47 3
48 3
49 3
50 3
51 2
52 2
53 3
54 2
55 2
56 3
57 2
58 3
59 3
60 2
61 3
62 3
63 3
64 3
65 4
66 3
67 3
68 4
69 3
70 3
71 3
72 2
73 2
74 2
75 2
76 2
77 2
78 2
79 2
80 2
81 1
82 2
83 1
84 2
85 2
86 2
87 2
88 1
89 1
90 1
91 2
92 1
93 1
94 2
95 1
96 2
97 2
98 1
99 2
100 1
101 2
102 2
103 1
104 2
105 1
106 2
107 1
108 2
109 1
110 1
111 2
112 1
113 2
114 1
115 1
116 1
117 2
118 1
119 2
120 1
121 1
122 1
123 1
124 2
125 1
126 1
127 1
128 2
129 2
130 1
131 3
132 1
133 2
134 2
135 2
136 1
137 2
138 1
139 2
140 1
141 2
142 1
143 2
144 1
145 2
146 1
147 2
148 1
149 2
150 1
151 2
152 2
153 2
154 2
155 2
156 3
157 1
158 2
159 2
160 2
161 1
162 2
163 1
164 1
165 2
166 1
167 1
168 1
169 1
170 1
171 1
172 2
173 1
174 1
175 1
176 1
177 1
178 1
179 1
180 1
181 1
182 1
183 1
184 1
185 1
186 1
187 1
188 1
189 2
190 1
191 1
192 1
193 1
194 1
195 1
196 1
197 1
198 1
199 1
200 1
201 1
202 1
203 1
204 1
205 1
206 1
207 1
208 1
209 1
210 1
211 1
212 1
213 1
214 1
215 1
216 1
217 1
218 1
219 1
220 1
221 1
222 1
223 1
224 1
225 1
226 1
227 1
228 1
229 1
230 1
231 1
232 1
233 1
234 1
235 1
236 1
