1 2
2 3
3 3
4 5
5 6
6 7
7 5
8 3
9 2
10 3
11 3
12 3
13 4
14 4
15 3
16 4
17 3
18 3
19 4
20 4
21 3
22 3
23 3
24 3
25 4
26 4
27 4
28 3
29 4
30 4
31 4
32 4
33 4
34 4
35 4
36 3
37 4
38 5
39 4
40 3
41 4
42 4
43 3
44 3
45 4
46 3
47 4
48 3
49 4
50 3
51 3
52 2
53 2
54 2
55 1
56 2
57 2
58 1
59 1
60 1
61 2
62 1
63 1
64 2
65 1
66 2
67 1
68 2
69 1
70 2
71 1
72 2
73 2
74 1
75 2
76 1
77 1
78 1
79 2
80 1
81 2
82 1
83 1
84 2
85 2
86 1
87 1
88 2
89 1
90 1
91 2
92 1
93 1
94 2
95 3
96 2
97 1
98 2
99 2
100 1
101 2
102 2
103 2
104 2
105 2
106 2
107 2
108 2
109 2
110 2
111 3
112 2
113 1
114 2
115 1
116 1
117 2
118 1
119 1
120 1
121 2
122 1
123 2
124 2
125 1
126 2
127 1
128 1
129 2
130 1
131 2
132 1
133 2
134 1
135 1
136 2
137 1
138 1
139 2
140 1
141 1
142 1
143 1
144 1
145 1
146 1
147 1
148 1
149 1
