1 2
2 1
3 3
4 3
5 5
6 4
7 4
8 4
9 3
10 3
11 2
12 2
13 2
14 2
15 3
16 2
17 2
18 2
19 2
20 3
21 2
22 2
23 2
24 3
25 2
26 2
27 2
28 3
29 2
30 2
31 3
32 2
33 2
34 3
35 3
36 3
37 3
38 3
39 3
40 2
41 3
42 2
43 2
44 2
45 2
46 3
47 2
48 2
49 2
50 2
51 3
52 3
53 3
54 2
55 3
56 3
57 3
58 3
59 3
60 3
61 3
62 3
63 3
64 3
65 2
66 3
67 2
68 2
69 1
70 2
71 2
72 2
73 2
74 2
75 2
76 1
77 2
78 2
79 2
80 2
81 2
82 3
83 2
84 2
85 2
86 2
87 2
88 2
89 2
90 2
91 2
92 2
93 2
94 2
95 2
96 2
97 2
98 2
99 2
100 2
101 2
102 2
103 2
104 1
105 2
106 2
107 2
108 1
109 3
110 2
111 2
112 3
113 3
114 2
115 3
116 2
117 3
118 2
119 3
120 2
121 2
122 2
123 2
124 2
125 2
126 2
127 2
128 2
129 2
130 2
131 1
132 2
133 1
134 2
135 2
136 1
137 2
138 2
139 1
140 1
141 2
142 1
143 1
144 1
145 2
146 1
147 1
148 2
149 1
150 1
151 1
152 2
153 1
154 1
155 2
156 1
157 2
158 1
159 1
160 1
161 1
162 2
163 1
164 2
165 2
166 2
167 1
168 1
169 1
170 2
171 1
172 1
173 1
174 1
175 2
176 1
177 1
178 2
179 1
180 1
181 1
182 1
183 1
184 1
185 1
186 1
187 1
188 1
189 1
190 1
191 1
192 1
193 1
194 1
195 1
196 1
197 1
198 1
199 1
200 1
201 1
202 1
203 1
204 1
205 1
206 1
207 1
208 1
209 1
210 1
211 1
212 1
213 1
214 1
215 1
216 1
217 1
218 1
219 1
220 1
221 1
222 1
223 1
224 1
225 1
226 1
227 1
228 1
229 1
230 1
231 1
232 1
