1 3
2 2
3 5
4 6
5 9
6 6
7 5
8 4
9 5
10 4
11 4
12 4
13 3
14 5
15 4
16 4
17 3
18 4
19 5
20 4
21 5
22 4
23 5
24 5
25 4
26 5
27 4
28 4
29 5
30 4
31 4
32 4
33 3
34 4
35 4
36 4
37 4
38 5
39 5
40 5
41 6
42 5
43 4
44 4
45 4
46 2
47 3
48 2
49 2
50 2
51 1
52 3
53 2
54 4
55 3
56 3
57 2
58 3
59 3
60 3
61 3
62 2
63 2
64 3
65 2
66 3
67 2
68 2
69 3
70 2
71 2
72 2
73 2
74 3
75 3
76 2
77 3
78 3
79 3
80 3
81 3
82 3
83 4
84 3
85 3
86 3
87 3
88 2
89 2
90 2
91 3
92 2
93 2
94 1
95 2
96 1
97 2
98 1
99 2
100 1
101 2
102 1
103 2
104 1
105 1
106 2
107 1
108 3
109 3
110 2
111 2
112 1
113 1
114 2
115 1
116 2
117 2
118 1
119 2
120 2
121 1
122 2
123 1
124 1
125 1
126 1
127 1
128 1
129 1
130 1
131 1
132 1
133 1
134 1
135 1
