1 2
2 3
3 4
4 5
5 7
6 7
7 5
8 3
9 3
10 3
11 3
12 2
13 3
14 3
15 4
16 3
17 4
18 4
19 3
20 4
21 5
22 4
23 5
24 4
25 5
26 4
27 3
28 4
29 4
30 4
31 3
32 4
33 4
34 3
35 4
36 4
37 4
38 3
39 4
40 3
41 4
42 4
43 5
44 3
45 3
46 3
47 4
48 4
49 2
50 3
51 3
52 2
53 2
54 2
55 2
56 3
57 2
58 3
59 3
60 2
61 3
62 2
63 2
64 2
65 2
66 3
67 2
68 3
69 3
70 3
71 2
72 2
73 2
74 1
75 2
76 2
77 1
78 2
79 1
80 2
81 1
82 1
83 1
84 1
85 1
86 1
87 1
88 1
89 1
90 1
91 1
92 1
93 1
94 3
95 2
96 4
97 3
98 1
99 2
100 1
101 2
102 1
103 1
104 2
105 2
106 2
107 2
108 2
109 2
110 2
111 1
112 2
113 1
114 2
115 1
116 2
117 1
118 1
119 1
120 1
121 2
122 1
123 1
124 1
125 1
126 2
127 1
128 1
129 1
130 1
131 1
132 1
133 1
134 1
135 1
136 1
137 1
