1 2
2 1
3 3
4 4
5 4
6 4
7 4
8 4
9 3
10 2
11 3
12 2
13 3
14 2
15 2
16 2
17 2
18 2
19 3
20 2
21 3
22 3
23 2
24 3
25 2
26 3
27 3
28 2
29 3
30 3
31 2
32 3
33 2
34 2
35 3
36 3
37 3
38 3
39 2
40 4
41 3
42 3
43 3
44 3
45 3
46 3
47 4
48 3
49 2
50 2
51 3
52 3
53 2
54 2
55 2
56 3
57 3
58 4
59 3
60 3
61 4
62 2
63 3
64 3
65 2
66 3
67 2
68 2
69 3
70 2
71 2
72 1
73 2
74 1
75 2
76 1
77 2
78 1
79 2
80 1
81 2
82 1
83 2
84 1
85 1
86 2
87 1
88 2
89 2
90 2
91 2
92 2
93 2
94 2
95 2
96 2
97 1
98 2
99 1
100 2
101 1
102 1
103 1
104 1
105 1
106 2
107 2
108 2
109 1
110 2
111 1
112 1
113 1
114 1
115 1
116 1
117 1
118 2
119 1
120 1
121 2
122 1
123 2
124 2
125 2
126 1
127 2
128 1
129 2
130 1
131 2
132 1
133 2
134 1
135 2
136 2
137 1
138 2
139 1
140 2
141 1
142 1
143 1
144 1
145 2
146 1
147 1
148 1
149 1
150 1
151 1
152 1
153 1
154 1
155 1
156 1
157 1
158 1
159 1
160 1
161 1
162 1
163 1
164 1
165 1
166 1
167 1
168 1
169 1
170 1
171 1
172 1
173 2
174 1
175 1
176 2
177 2
178 1
179 2
180 1
181 1
182 1
183 1
184 1
185 1
186 1
187 1
188 1
189 1
190 1
191 1
192 1
193 1
194 1
195 1
196 1
197 1
198 1
199 1
200 1
201 1
202 1
203 1
204 1
205 1
206 1
207 1
208 1
209 1
210 1
211 1
212 1
213 1
