1 2
2 2
3 4
4 4
5 6
6 5
7 5
8 3
9 3
10 3
11 2
12 3
13 3
14 2
15 3
16 2
17 3
18 2
19 3
20 3
21 3
22 3
23 4
24 3
25 3
26 4
27 3
28 4
29 3
30 4
31 4
32 3
33 4
34 3
35 3
36 3
37 4
38 3
39 3
40 3
41 3
42 3
43 4
44 3
45 3
46 4
47 3
48 4
49 4
50 4
51 4
52 3
53 3
54 4
55 3
56 3
57 4
58 3
59 2
60 3
61 3
62 3
63 2
64 3
65 2
66 2
67 1
68 3
69 2
70 1
71 2
72 3
73 1
74 2
75 2
76 2
77 2
78 2
79 2
80 3
81 1
82 2
83 2
84 2
85 2
86 1
87 2
88 2
89 2
90 2
91 2
92 1
93 2
94 1
95 2
96 2
97 2
98 2
99 2
100 2
101 3
102 3
103 2
104 3
105 2
106 2
107 2
108 3
109 2
110 3
111 2
112 2
113 3
114 1
115 2
116 2
117 2
118 2
119 2
120 2
121 1
122 2
123 2
124 2
125 2
126 3
127 2
128 3
129 2
130 2
131 3
132 1
133 1
134 2
135 1
136 2
137 1
138 1
139 1
140 1
141 1
142 1
143 1
144 1
145 1
146 1
147 1
148 1
149 1
150 1
151 1
152 1
153 1
