1 2
2 2
3 4
4 5
5 5
6 5
7 5
8 4
9 2
10 3
11 2
12 3
13 2
14 3
15 3
16 2
17 3
18 2
19 3
20 3
21 3
22 3
23 4
24 3
25 4
26 3
27 5
28 4
29 3
30 4
31 3
32 4
33 4
34 5
35 4
36 4
37 4
38 3
39 3
40 3
41 4
42 3
43 3
44 4
45 3
46 3
47 3
48 3
49 4
50 3
51 4
52 4
53 4
54 4
55 4
56 4
57 4
58 4
59 3
60 4
61 3
62 3
63 3
64 3
65 3
66 2
67 2
68 3
69 2
70 1
71 2
72 2
73 1
74 2
75 2
76 2
77 2
78 2
79 2
80 2
81 3
82 2
83 2
84 3
85 2
86 2
87 3
88 2
89 2
90 2
91 2
92 2
93 2
94 2
95 2
96 1
97 3
98 2
99 3
100 2
101 3
102 2
103 3
104 2
105 2
106 2
107 2
108 2
109 2
110 1
111 2
112 3
113 2
114 2
115 2
116 2
117 2
118 1
119 2
120 1
121 2
122 2
123 1
124 2
125 1
126 2
127 1
128 2
129 1
130 2
131 1
132 2
133 2
134 1
135 2
136 1
137 2
138 2
139 1
140 1
141 1
142 1
143 1
144 2
145 1
146 1
147 1
148 1
149 1
150 1
151 1
152 1
153 1
154 1
155 1
156 1
157 1
158 1
159 1
160 1
161 1
162 1
163 1
164 1
165 1
166 1
167 1
168 1
169 1
170 1
171 1
172 1
173 1
174 1
