1 2
2 2
3 2
4 4
5 5
6 5
7 4
8 4
9 2
10 3
11 2
12 2
13 2
14 3
15 2
16 2
17 3
18 2
19 3
20 3
21 4
22 3
23 3
24 3
25 3
26 3
27 3
28 3
29 2
30 2
31 2
32 2
33 2
34 2
35 3
36 3
37 2
38 3
39 2
40 3
41 3
42 4
43 2
44 3
45 2
46 3
47 2
48 3
49 2
50 2
51 3
52 3
53 2
54 3
55 3
56 4
57 3
58 3
59 4
60 3
61 4
62 2
63 3
64 4
65 2
66 3
67 2
68 3
69 2
70 3
71 2
72 3
73 2
74 3
75 2
76 3
77 2
78 2
79 3
80 2
81 2
82 2
83 2
84 2
85 2
86 2
87 1
88 2
89 2
90 2
91 2
92 1
93 3
94 2
95 2
96 3
97 2
98 1
99 1
100 2
101 1
102 2
103 1
104 2
105 2
106 1
107 2
108 1
109 2
110 2
111 2
112 2
113 1
114 2
115 1
116 1
117 1
118 1
119 1
120 1
121 1
122 1
123 2
124 1
125 2
126 2
127 1
128 2
129 2
130 2
131 2
132 2
133 3
134 2
135 3
136 2
137 2
138 2
139 3
140 2
141 2
142 2
143 2
144 2
145 2
146 2
147 2
148 1
149 2
150 2
151 2
152 1
153 2
154 1
155 2
156 2
157 3
158 2
159 3
160 2
161 1
162 2
163 1
164 1
165 2
166 1
167 1
168 1
169 2
170 2
171 2
172 2
173 2
174 2
175 2
176 2
177 2
178 2
179 2
180 2
181 2
182 2
183 2
184 2
185 2
186 2
187 2
188 1
189 2
190 2
191 1
192 2
193 2
194 1
195 2
196 2
197 1
198 2
199 1
200 1
201 2
202 1
203 1
204 1
205 1
206 1
207 1
208 1
209 1
210 1
211 2
212 1
213 1
214 2
215 1
216 2
217 1
218 1
219 1
220 1
221 1
222 1
223 1
224 1
225 1
226 1
227 1
228 1
229 1
230 1
231 1
232 1
233 1
234 1
235 1
236 1
237 1
238 1
239 1
240 1
241 1
242 1
243 1
244 1
245 1
246 1
