1 2
2 2
3 2
4 3
5 5
6 5
7 4
8 4
9 3
10 2
11 3
12 2
13 2
14 2
15 1
16 3
17 2
18 2
19 3
20 2
21 2
22 3
23 2
24 3
25 2
26 4
27 3
28 3
29 3
30 3
31 3
32 2
33 3
34 3
35 2
36 3
37 3
38 2
39 3
40 2
41 3
42 2
43 2
44 3
45 2
46 3
47 2
48 3
49 2
50 3
51 2
52 2
53 2
54 3
55 2
56 3
57 3
58 3
59 4
60 3
61 3
62 3
63 4
64 3
65 3
66 3
67 2
68 3
69 3
70 2
71 2
72 2
73 2
74 2
75 2
76 3
77 1
78 3
79 2
80 3
81 2
82 2
83 3
84 2
85 2
86 2
87 2
88 2
89 1
90 2
91 2
92 2
93 2
94 2
95 2
96 2
97 2
98 2
99 1
100 2
101 1
102 2
103 1
104 1
105 1
106 1
107 1
108 2
109 1
110 1
111 2
112 2
113 2
114 1
115 2
116 1
117 1
118 1
119 1
120 1
121 2
122 1
123 1
124 2
125 1
126 2
127 1
128 1
129 1
130 1
131 1
132 1
133 1
134 1
135 1
136 1
137 1
138 1
139 1
140 1
141 1
142 1
143 1
144 1
145 1
146 1
147 1
148 1
149 1
150 1
151 1
152 1
153 1
154 1
155 2
156 1
157 1
158 1
159 1
160 1
161 1
162 1
163 1
164 2
165 2
166 2
167 1
168 2
169 2
170 1
171 2
172 1
173 2
174 1
175 1
176 1
177 1
178 2
179 1
180 1
181 1
182 1
183 1
184 1
185 2
186 1
187 2
188 1
189 1
190 1
191 1
192 1
193 1
194 1
195 1
196 1
197 1
198 1
199 1
200 1
201 1
202 1
203 1
204 1
205 1
206 1
207 1
208 1
209 1
