1 2
2 2
3 2
4 4
5 5
6 4
7 4
8 4
9 3
10 2
11 3
12 2
13 2
14 3
15 3
16 2
17 3
18 3
19 3
20 3
21 2
22 3
23 2
24 2
25 2
26 3
27 2
28 3
29 3
30 2
31 3
32 3
33 3
34 2
35 3
36 3
37 3
38 3
39 3
40 3
41 2
42 3
43 2
44 3
45 3
46 2
47 3
48 2
49 3
50 2
51 3
52 2
53 3
54 3
55 3
56 3
57 3
58 3
59 3
60 3
61 3
62 4
63 3
64 3
65 3
66 3
67 3
68 3
69 3
70 2
71 2
72 3
73 2
74 3
75 2
76 2
77 3
78 2
79 2
80 3
81 2
82 3
83 2
84 3
85 2
86 1
87 2
88 3
89 3
90 2
91 2
92 2
93 1
94 2
95 3
96 2
97 3
98 2
99 2
100 1
101 2
102 2
103 2
104 2
105 2
106 2
107 2
108 2
109 1
110 2
111 2
112 1
113 3
114 2
115 2
116 2
117 2
118 2
119 2
120 1
121 2
122 1
123 2
124 2
125 2
126 2
127 2
128 1
129 2
130 1
131 2
132 1
133 2
134 1
135 2
136 1
137 2
138 2
139 2
140 2
141 1
142 2
143 1
144 1
145 1
146 1
147 1
148 1
149 1
150 1
151 2
152 1
153 2
154 1
155 2
156 1
157 2
158 1
159 2
160 3
161 2
162 1
163 2
164 2
165 2
166 1
167 2
168 1
169 1
170 2
171 1
172 1
173 2
174 1
175 1
176 1
177 1
178 2
179 1
180 1
181 1
182 1
183 1
184 1
185 1
186 1
187 1
188 1
189 1
190 1
191 1
192 1
193 1
194 1
195 1
196 1
197 1
198 1
199 1
200 1
201 1
202 1
203 1
204 1
205 1
206 1
207 1
208 1
209 1
210 1
211 1
212 1
213 1
214 1
215 1
216 1
