1 2
2 2
3 3
4 4
5 5
6 5
7 4
8 4
9 3
10 2
11 2
12 3
13 3
14 2
15 3
16 3
17 3
18 4
19 2
20 3
21 3
22 3
23 3
24 3
25 3
26 3
27 3
28 3
29 2
30 4
31 3
32 3
33 3
34 3
35 3
36 4
37 3
38 3
39 3
40 4
41 3
42 3
43 2
44 3
45 3
46 2
47 3
48 2
49 4
50 4
51 3
52 3
53 4
54 4
55 4
56 4
57 4
58 3
59 4
60 4
61 3
62 3
63 3
64 2
65 3
66 3
67 2
68 4
69 3
70 2
71 1
72 2
73 2
74 2
75 2
76 1
77 2
78 1
79 2
80 2
81 2
82 1
83 2
84 2
85 3
86 2
87 2
88 2
89 2
90 2
91 3
92 2
93 3
94 1
95 2
96 2
97 2
98 2
99 2
100 3
101 2
102 3
103 2
104 2
105 3
106 3
107 3
108 3
109 3
110 3
111 2
112 3
113 2
114 2
115 2
116 3
117 1
118 2
119 2
120 2
121 2
122 2
123 1
124 2
125 2
126 1
127 1
128 2
129 1
130 1
131 1
132 1
133 1
134 1
135 2
136 2
137 2
138 2
139 1
140 2
141 2
142 2
143 2
144 2
145 2
146 1
147 2
148 1
149 1
150 1
151 1
152 1
153 1
154 1
155 1
156 1
157 1
158 1
159 1
160 1
161 1
162 1
163 1
164 1
165 1
166 1
167 1
168 1
169 1
170 1
171 1
172 1
173 1
174 1
175 1
176 1
177 1
178 1
179 1
180 1
181 1
182 1
183 1
