1 3
2 3
3 4
4 8
5 9
6 8
7 5
8 4
9 4
10 5
11 4
12 4
13 5
14 3
15 4
16 4
17 5
18 4
19 5
20 5
21 5
22 5
23 5
24 5
25 4
26 5
27 6
28 5
29 5
30 5
31 4
32 5
33 5
34 5
35 4
36 5
37 6
38 5
39 4
40 4
41 4
42 4
43 3
44 4
45 3
46 2
47 4
48 3
49 2
50 3
51 4
52 4
53 4
54 3
55 4
56 3
57 4
58 4
59 4
60 4
61 4
62 4
63 3
64 5
65 3
66 3
67 2
68 3
69 2
70 3
71 3
72 2
73 2
74 2
75 3
76 2
77 2
78 1
79 2
80 2
81 1
82 2
83 2
84 1
85 1
86 1
87 1
88 1
89 1
90 1
91 1
92 1
93 1
94 1
95 2
96 2
97 2
98 2
99 2
100 2
101 2
102 3
103 2
104 4
105 3
106 1
107 1
108 2
109 1
110 1
111 1
112 1
113 1
114 1
115 1
116 1
