1 2
2 3
3 3
4 5
5 6
6 6
7 5
8 4
9 3
10 3
11 3
12 3
13 3
14 4
15 4
16 3
17 4
18 3
19 3
20 4
21 3
22 4
23 3
24 4
25 3
26 4
27 3
28 3
29 5
30 4
31 4
32 3
33 4
34 3
35 4
36 3
37 4
38 4
39 3
40 4
41 4
42 3
43 4
44 3
45 5
46 4
47 5
48 4
49 4
50 4
51 4
52 4
53 4
54 3
55 4
56 3
57 3
58 3
59 4
60 3
61 3
62 3
63 3
64 3
65 4
66 3
67 3
68 3
69 3
70 3
71 2
72 2
73 2
74 2
75 2
76 2
77 2
78 2
79 2
80 2
81 2
82 2
83 2
84 2
85 2
86 2
87 2
88 1
89 2
90 2
91 2
92 2
93 2
94 2
95 2
96 1
97 2
98 2
99 2
100 2
101 2
102 2
103 3
104 2
105 2
106 2
107 2
108 1
109 2
110 2
111 2
112 2
113 2
114 2
115 2
116 1
117 2
118 1
119 2
120 2
121 1
122 1
123 1
124 1
125 1
126 2
127 1
128 1
129 1
130 2
131 1
132 1
133 2
134 1
135 2
136 2
137 2
138 2
139 1
140 1
141 1
142 1
143 1
144 1
145 1
146 1
147 1
148 1
149 1
150 1
151 1
152 1
153 1
154 1
155 1
