1 3
2 4
3 7
4 9
5 11
6 8
7 5
8 5
9 6
10 5
11 6
12 5
13 6
14 5
15 6
16 6
17 7
18 6
19 6
20 6
21 6
22 5
23 7
24 6
25 6
26 6
27 7
28 6
29 7
30 7
31 6
32 7
33 6
34 4
35 3
36 3
37 5
38 5
39 5
40 4
41 4
42 4
43 4
44 2
45 3
46 4
47 5
48 4
49 3
50 3
51 3
52 3
53 2
54 3
55 3
56 3
57 4
58 3
59 4
60 4
61 3
62 4
63 4
64 2
65 2
66 3
67 3
68 2
69 3
70 2
71 3
72 1
73 2
74 3
75 4
76 2
77 3
78 2
79 1
80 3
81 2
82 2
83 3
84 3
85 3
86 3
87 5
88 4
89 3
90 2
91 3
92 2
93 3
94 2
95 1
96 2
97 1
98 1
99 2
100 1
101 2
102 1
