1 3
2 2
3 4
4 6
5 6
6 7
7 5
8 3
9 4
10 2
11 3
12 3
13 3
14 3
15 3
16 4
17 5
18 4
19 3
20 4
21 4
22 4
23 4
24 4
25 5
26 4
27 5
28 4
29 4
30 5
31 4
32 3
33 5
34 4
35 5
36 5
37 5
38 4
39 4
40 4
41 4
42 4
43 5
44 4
45 4
46 4
47 3
48 4
49 3
50 3
51 3
52 2
53 2
54 3
55 2
56 3
57 2
58 3
59 2
60 3
61 2
62 2
63 2
64 3
65 3
66 2
67 3
68 2
69 2
70 2
71 1
72 2
73 3
74 2
75 2
76 3
77 2
78 2
79 2
80 2
81 1
82 2
83 2
84 1
85 2
86 2
87 2
88 2
89 2
90 2
91 2
92 2
93 2
94 2
95 2
96 1
97 1
98 1
99 2
100 1
101 2
102 1
103 2
104 1
105 3
106 3
107 3
108 2
109 2
110 2
111 3
112 2
113 2
114 2
115 1
116 2
117 1
118 1
119 1
120 1
121 1
122 1
123 1
124 1
125 1
