1 2
2 3
3 3
4 5
5 6
6 6
7 5
8 4
9 2
10 3
11 3
12 3
13 3
14 3
15 2
16 3
17 3
18 3
19 4
20 3
21 3
22 3
23 4
24 4
25 4
26 3
27 4
28 3
29 5
30 3
31 4
32 3
33 5
34 3
35 4
36 4
37 4
38 4
39 5
40 4
41 3
42 4
43 4
44 4
45 4
46 4
47 5
48 4
49 5
50 5
51 4
52 4
53 3
54 4
55 2
56 3
57 3
58 3
59 3
60 3
61 2
62 3
63 3
64 3
65 2
66 3
67 2
68 2
69 3
70 3
71 3
72 2
73 3
74 2
75 2
76 2
77 1
78 2
79 3
80 2
81 3
82 2
83 3
84 3
85 2
86 3
87 2
88 2
89 2
90 2
91 1
92 2
93 2
94 1
95 2
96 2
97 1
98 1
99 1
100 1
101 1
102 1
103 1
104 1
105 1
106 1
107 1
