1 3
2 2
3 4
4 5
5 7
6 7
7 5
8 3
9 3
10 3
11 3
12 2
13 4
14 3
15 4
16 3
17 4
18 4
19 3
20 4
21 4
22 3
23 4
24 4
25 3
26 4
27 3
28 4
29 4
30 4
31 3
32 3
33 4
34 5
35 4
36 4
37 4
38 4
39 4
40 4
41 4
42 4
43 4
44 4
45 5
46 4
47 4
48 3
49 3
50 4
51 4
52 3
53 3
54 2
55 2
56 1
57 1
58 2
59 2
60 2
61 1
62 2
63 2
64 3
65 2
66 2
67 2
68 1
69 2
70 1
71 2
72 1
73 2
74 2
75 3
76 3
77 2
78 2
79 2
80 2
81 3
82 2
83 3
84 3
85 3
86 3
87 2
88 2
89 3
90 2
91 2
92 1
93 1
94 2
95 1
96 2
97 1
98 2
99 2
100 3
101 3
102 2
103 1
104 2
105 1
106 1
107 1
108 1
109 1
110 2
111 1
112 1
113 1
114 1
115 1
116 1
117 1
118 1
119 1
120 1
121 1
122 1
123 2
124 2
125 2
126 2
127 2
128 2
129 2
130 2
131 1
132 1
133 1
134 1
135 1
136 1
137 1
138 1
139 1
140 1
141 1
142 1
143 1
144 1
145 1
146 1
147 1
148 1
149 1
150 1
