1 3
2 4
3 6
4 7
5 10
6 8
7 5
8 5
9 5
10 5
11 4
12 4
13 4
14 4
15 6
16 4
17 5
18 5
19 5
20 4
21 5
22 5
23 5
24 5
25 4
26 4
27 5
28 6
29 5
30 5
31 5
32 6
33 5
34 6
35 6
36 5
37 5
38 3
39 4
40 3
41 3
42 4
43 2
44 3
45 3
46 2
47 3
48 2
49 3
50 2
51 3
52 2
53 3
54 3
55 2
56 5
57 3
58 2
59 2
60 2
61 2
62 2
63 3
64 2
65 3
66 2
67 4
68 4
69 3
70 2
71 2
72 2
73 2
74 2
75 2
76 2
77 2
78 3
79 1
80 1
81 2
82 1
83 3
84 2
85 2
86 2
87 3
88 2
89 2
90 2
91 1
92 2
93 1
94 2
95 2
96 2
97 1
98 2
99 1
100 1
101 2
102 2
103 3
104 3
105 2
106 2
107 3
108 2
109 3
110 3
111 2
112 2
113 3
114 3
115 2
116 2
117 1
118 1
119 2
120 1
121 1
