1 2
2 2
3 2
4 4
5 4
6 5
7 4
8 5
9 3
10 2
11 2
12 2
13 3
14 2
15 3
16 2
17 2
18 4
19 3
20 3
21 3
22 3
23 3
24 3
25 3
26 4
27 3
28 4
29 3
30 3
31 3
32 3
33 3
34 3
35 2
36 4
37 3
38 3
39 3
40 3
41 4
42 3
43 3
44 3
45 3
46 3
47 3
48 4
49 2
50 3
51 3
52 3
53 3
54 3
55 3
56 3
57 3
58 3
59 4
60 3
61 4
62 3
63 3
64 3
65 2
66 3
67 3
68 3
69 2
70 2
71 3
72 3
73 2
74 2
75 3
76 2
77 2
78 2
79 1
80 2
81 3
82 3
83 2
84 2
85 2
86 2
87 1
88 2
89 1
90 1
91 2
92 1
93 1
94 1
95 1
96 2
97 1
98 1
99 2
100 1
101 1
102 1
103 1
104 2
105 1
106 1
107 1
108 1
109 1
110 1
111 1
112 1
113 1
114 1
115 1
116 1
117 1
118 1
119 1
120 1
121 2
122 2
123 1
124 2
125 1
126 1
127 1
128 1
129 1
130 1
131 1
132 1
133 1
134 2
135 1
136 1
137 1
138 2
139 1
140 1
141 2
142 1
143 1
144 1
145 1
146 1
147 1
148 1
149 1
150 1
151 1
152 1
153 1
154 1
155 1
156 1
157 1
158 1
159 2
160 1
161 1
162 1
163 1
164 2
165 1
166 1
167 2
168 1
169 2
170 1
171 2
172 1
173 1
174 1
175 1
176 1
177 2
178 1
179 1
180 2
181 1
182 1
183 1
184 1
185 1
186 1
187 2
188 1
189 1
190 1
191 1
192 1
193 2
194 1
195 1
196 2
197 1
198 1
199 1
200 1
201 1
202 1
203 1
204 1
205 1
206 1
207 1
208 1
209 1
210 1
211 1
212 1
213 1
214 1
215 1
216 1
