1 2
2 2
3 4
4 4
5 6
6 6
7 5
8 3
9 3
10 2
11 3
12 2
13 3
14 3
15 3
16 3
17 2
18 3
19 2
20 3
21 2
22 3
23 3
24 4
25 3
26 4
27 4
28 4
29 4
30 3
31 3
32 3
33 2
34 3
35 3
36 4
37 3
38 3
39 4
40 4
41 4
42 3
43 3
44 4
45 4
46 4
47 4
48 3
49 4
50 4
51 4
52 4
53 5
54 4
55 4
56 3
57 3
58 2
59 3
60 3
61 3
62 2
63 2
64 2
65 2
66 2
67 2
68 2
69 2
70 2
71 1
72 3
73 2
74 2
75 4
76 2
77 2
78 2
79 3
80 2
81 2
82 2
83 2
84 2
85 2
86 2
87 1
88 2
89 1
90 1
91 1
92 2
93 2
94 1
95 2
96 2
97 2
98 1
99 2
100 1
101 2
102 1
103 1
104 2
105 1
106 1
107 2
108 1
109 1
110 2
111 1
112 2
113 2
114 1
115 1
116 1
117 1
118 1
119 1
120 1
121 1
122 1
123 1
124 2
125 1
126 1
127 1
128 1
129 1
130 1
131 1
132 1
133 1
