1 2
2 2
3 2
4 4
5 6
6 5
7 5
8 3
9 3
10 3
11 3
12 2
13 3
14 3
15 2
16 3
17 3
18 4
19 3
20 2
21 3
22 3
23 3
24 3
25 4
26 3
27 3
28 3
29 3
30 4
31 3
32 4
33 4
34 3
35 4
36 2
37 3
38 3
39 2
40 3
41 3
42 3
43 3
44 4
45 2
46 4
47 3
48 4
49 3
50 4
51 3
52 4
53 3
54 4
55 4
56 4
57 3
58 4
59 3
60 4
61 3
62 3
63 3
64 3
65 3
66 4
67 3
68 3
69 3
70 4
71 3
72 3
73 3
74 3
75 2
76 2
77 3
78 2
79 2
80 2
81 2
82 2
83 2
84 1
85 2
86 2
87 2
88 2
89 2
90 2
91 2
92 2
93 1
94 1
95 2
96 1
97 1
98 2
99 1
100 1
101 1
102 1
103 1
104 1
105 1
106 1
107 1
108 2
109 2
110 2
111 1
112 2
113 2
114 1
115 2
116 1
117 2
118 1
119 1
120 1
121 1
122 1
123 1
124 1
125 1
126 1
127 1
128 1
129 1
130 1
131 1
132 1
133 1
134 1
135 1
136 1
137 1
138 1
139 1
140 1
141 1
142 1
143 1
144 1
145 1
146 1
147 1
148 1
149 1
150 1
151 1
152 1
153 1
154 1
155 1
156 1
157 1
158 1
159 1
160 1
161 1
162 1
163 1
164 1
165 1
166 1
167 1
168 1
169 1
170 1
171 1
172 1
173 1
174 1
175 1
176 1
177 1
178 1
179 1
180 1
181 1
182 1
183 1
184 1
185 1
186 1
187 1
188 1
189 1
190 1
191 1
192 1
193 1
194 1
195 1
196 1
