1 2
2 2
3 2
4 4
5 4
6 5
7 4
8 4
9 3
10 3
11 2
12 2
13 2
14 2
15 2
16 2
17 2
18 3
19 2
20 3
21 3
22 3
23 3
24 2
25 4
26 3
27 2
28 3
29 4
30 3
31 3
32 3
33 3
34 3
35 2
36 2
37 3
38 2
39 2
40 3
41 2
42 3
43 2
44 2
45 3
46 3
47 3
48 2
49 3
50 2
51 2
52 3
53 3
54 3
55 3
56 3
57 3
58 3
59 3
60 3
61 2
62 3
63 3
64 3
65 3
66 2
67 3
68 2
69 3
70 2
71 3
72 2
73 2
74 2
75 2
76 2
77 2
78 2
79 2
80 2
81 2
82 2
83 2
84 1
85 2
86 1
87 3
88 2
89 2
90 1
91 2
92 2
93 2
94 2
95 1
96 2
97 2
98 1
99 2
100 2
101 2
102 2
103 2
104 1
105 2
106 2
107 1
108 1
109 1
110 1
111 2
112 1
113 1
114 2
115 1
116 2
117 1
118 2
119 2
120 2
121 2
122 2
123 2
124 3
125 2
126 2
127 2
128 2
129 1
130 2
131 1
132 2
133 2
134 1
135 2
136 2
137 2
138 2
139 1
140 2
141 1
142 2
143 2
144 1
145 2
146 1
147 2
148 1
149 2
150 1
151 2
152 1
153 1
154 2
155 3
156 2
157 1
158 2
159 2
160 2
161 2
162 2
163 2
164 2
165 2
166 1
167 1
168 2
169 1
170 1
171 1
172 1
173 1
174 1
175 1
176 1
177 1
178 1
179 1
180 1
181 1
182 1
183 1
184 1
185 1
186 1
187 1
188 1
189 1
190 1
191 1
192 1
193 1
194 1
195 1
196 1
197 1
198 1
199 1
200 1
201 1
202 1
203 1
204 1
205 1
206 1
207 1
208 1
209 1
210 1
