1 2
2 1
3 3
4 4
5 4
6 4
7 5
8 3
9 3
10 2
11 3
12 1
13 3
14 2
15 2
16 3
17 2
18 2
19 3
20 2
21 3
22 2
23 3
24 3
25 3
26 2
27 3
28 2
29 3
30 2
31 3
32 2
33 3
34 2
35 2
36 3
37 2
38 2
39 2
40 3
41 3
42 3
43 3
44 3
45 2
46 3
47 3
48 3
49 2
50 3
51 2
52 2
53 3
54 3
55 2
56 2
57 3
58 3
59 3
60 2
61 3
62 3
63 3
64 3
65 3
66 3
67 3
68 3
69 3
70 2
71 3
72 3
73 2
74 3
75 2
76 3
77 3
78 2
79 3
80 3
81 3
82 3
83 2
84 3
85 3
86 2
87 3
88 1
89 3
90 2
91 2
92 1
93 2
94 2
95 2
96 1
97 2
98 2
99 2
100 2
101 1
102 2
103 1
104 1
105 2
106 1
107 1
108 1
109 2
110 1
111 1
112 1
113 2
114 2
115 1
116 2
117 1
118 2
119 2
120 2
121 2
122 2
123 2
124 1
125 1
126 1
127 1
128 1
129 2
130 1
131 1
132 1
133 2
134 2
135 2
136 1
137 2
138 1
139 2
140 2
141 1
142 2
143 2
144 1
145 2
146 1
147 2
148 2
149 2
150 2
151 1
152 2
153 2
154 1
155 2
156 1
157 2
158 1
159 1
160 2
161 1
162 1
163 1
164 1
165 1
166 1
167 1
168 1
169 1
170 1
171 1
172 1
173 1
174 1
175 1
176 1
177 1
178 1
179 2
180 1
181 1
182 2
183 1
184 2
185 1
186 1
187 1
188 1
189 1
190 1
191 1
192 1
193 1
194 1
195 1
196 1
197 1
198 1
199 1
200 1
201 1
202 1
203 1
204 1
205 1
206 1
207 1
208 1
209 1
210 1
211 1
212 1
213 1
214 1
215 1
216 1
217 1
218 1
219 1
220 1
221 1
222 1
223 1
224 1
225 1
226 1
