1 3
2 3
3 5
4 6
5 9
6 8
7 5
8 4
9 4
10 4
11 3
12 5
13 4
14 4
15 5
16 4
17 4
18 4
19 5
20 4
21 5
22 5
23 6
24 5
25 5
26 5
27 4
28 5
29 5
30 5
31 5
32 6
33 5
34 5
35 6
36 5
37 4
38 5
39 4
40 3
41 4
42 3
43 3
44 3
45 3
46 3
47 3
48 3
49 3
50 3
51 3
52 2
53 3
54 2
55 2
56 2
57 3
58 3
59 3
60 2
61 4
62 3
63 3
64 3
65 3
66 4
67 3
68 3
69 3
70 3
71 3
72 3
73 2
74 3
75 3
76 3
77 3
78 4
79 2
80 3
81 3
82 2
83 3
84 3
85 3
86 2
87 2
88 3
89 2
90 3
91 2
92 1
93 2
94 3
95 2
96 3
97 2
98 3
99 3
100 3
101 2
102 2
103 3
104 1
105 2
106 2
107 2
108 3
109 2
110 1
111 1
112 1
113 1
114 1
115 2
116 1
117 1
118 1
119 1
120 1
121 1
122 1
