1 2
2 2
3 2
4 4
5 4
6 5
7 4
8 4
9 4
10 2
11 2
12 2
13 2
14 3
15 2
16 3
17 2
18 3
19 2
20 3
21 2
22 2
23 3
24 2
25 3
26 2
27 2
28 2
29 3
30 2
31 2
32 3
33 2
34 3
35 4
36 3
37 3
38 3
39 3
40 4
41 3
42 3
43 3
44 3
45 3
46 3
47 3
48 3
49 2
50 4
51 2
52 3
53 3
54 2
55 3
56 3
57 4
58 3
59 3
60 3
61 4
62 3
63 3
64 3
65 3
66 3
67 3
68 3
69 3
70 3
71 3
72 3
73 3
74 2
75 2
76 2
77 2
78 3
79 2
80 2
81 2
82 2
83 2
84 2
85 2
86 1
87 2
88 2
89 2
90 2
91 1
92 1
93 1
94 2
95 1
96 1
97 2
98 1
99 2
100 1
101 2
102 1
103 2
104 1
105 1
106 1
107 1
108 2
109 1
110 1
111 1
112 1
113 1
114 1
115 1
116 1
117 1
118 1
119 1
120 1
121 1
122 1
123 1
124 1
125 2
126 1
127 1
128 2
129 1
130 2
131 1
132 2
133 2
134 3
135 2
136 2
137 3
138 1
139 2
140 2
141 2
142 2
143 1
144 1
145 2
146 1
147 1
148 2
149 1
150 1
151 1
152 1
153 1
154 2
155 1
156 1
157 2
158 1
159 1
160 1
161 1
162 1
163 1
164 1
165 1
166 1
167 1
168 1
169 1
170 1
171 1
172 1
173 1
174 1
175 1
176 1
177 1
178 1
179 1
180 1
181 1
182 1
183 1
184 1
185 1
186 1
187 1
188 1
189 1
190 1
191 1
192 1
193 1
194 1
195 1
196 1
197 1
198 1
199 1
200 1
201 1
202 1
203 1
204 1
205 1
206 1
207 1
208 1
209 1
210 1
211 1
212 1
213 1
214 1
215 1
216 1
217 1
218 1
219 1
