1 3
2 3
3 5
4 7
5 8
6 8
7 6
8 4
9 3
10 4
11 3
12 4
13 3
14 3
15 4
16 5
17 5
18 6
19 5
20 5
21 5
22 5
23 5
24 5
25 4
26 4
27 4
28 4
29 5
30 4
31 3
32 4
33 4
34 4
35 4
36 5
37 4
38 5
39 6
40 6
41 6
42 5
43 5
44 4
45 5
46 4
47 5
48 3
49 4
50 3
51 3
52 4
53 4
54 3
55 4
56 4
57 4
58 3
59 3
60 3
61 3
62 3
63 3
64 4
65 2
66 1
67 1
68 1
69 2
70 2
71 2
72 2
73 2
74 1
75 2
76 1
77 3
78 2
79 3
80 4
81 3
82 4
83 3
84 4
85 4
86 5
87 3
88 2
89 2
90 2
91 2
92 2
93 2
94 3
95 2
96 2
97 1
98 1
99 1
100 2
101 1
102 1
103 1
104 2
105 2
106 1
107 1
108 1
109 2
110 2
111 1
112 1
113 1
114 1
