1 3
2 2
3 5
4 6
5 7
6 7
7 5
8 4
9 3
10 3
11 4
12 3
13 4
14 4
15 4
16 4
17 5
18 5
19 4
20 5
21 4
22 5
23 4
24 5
25 4
26 4
27 4
28 4
29 5
30 4
31 4
32 4
33 5
34 4
35 4
36 5
37 4
38 4
39 4
40 4
41 4
42 4
43 4
44 3
45 3
46 3
47 3
48 3
49 2
50 3
51 3
52 3
53 3
54 3
55 3
56 2
57 3
58 3
59 3
60 3
61 2
62 3
63 3
64 3
65 3
66 2
67 3
68 2
69 2
70 2
71 2
72 2
73 2
74 3
75 3
76 2
77 3
78 3
79 3
80 3
81 3
82 3
83 3
84 3
85 3
86 3
87 4
88 3
89 3
90 3
91 2
92 3
93 2
94 2
95 3
96 2
97 2
98 2
99 2
100 2
101 2
102 1
103 2
104 1
105 1
106 1
107 1
108 1
109 1
110 1
111 1
112 1
113 1
114 1
115 1
116 2
117 2
118 1
119 2
120 2
121 2
122 1
123 2
124 2
125 1
126 2
127 2
128 1
129 1
130 2
131 1
132 1
133 1
134 1
135 1
136 1
137 1
138 1
139 1
140 1
141 1
142 1
143 1
144 1
145 1
146 1
