1 2
2 1
3 3
4 4
5 4
6 4
7 4
8 5
9 3
10 2
11 2
12 2
13 2
14 2
15 2
16 2
17 2
18 3
19 3
20 2
21 2
22 3
23 2
24 2
25 3
26 3
27 2
28 3
29 2
30 2
31 3
32 3
33 3
34 3
35 2
36 3
37 2
38 3
39 2
40 3
41 2
42 3
43 2
44 2
45 3
46 3
47 3
48 4
49 3
50 2
51 3
52 3
53 2
54 3
55 3
56 2
57 3
58 2
59 3
60 3
61 3
62 3
63 3
64 3
65 3
66 3
67 3
68 2
69 2
70 3
71 3
72 2
73 2
74 3
75 2
76 3
77 2
78 2
79 2
80 2
81 2
82 2
83 2
84 1
85 1
86 2
87 2
88 1
89 1
90 2
91 1
92 1
93 1
94 1
95 1
96 2
97 1
98 1
99 2
100 1
101 2
102 1
103 3
104 2
105 2
106 2
107 1
108 2
109 2
110 2
111 1
112 2
113 2
114 2
115 2
116 3
117 2
118 2
119 2
120 2
121 2
122 2
123 2
124 2
125 2
126 1
127 2
128 2
129 1
130 2
131 1
132 1
133 2
134 1
135 1
136 1
137 2
138 1
139 2
140 1
141 2
142 1
143 1
144 2
145 2
146 1
147 2
148 1
149 2
150 1
151 1
152 1
153 1
154 2
155 1
156 1
157 2
158 1
159 1
160 2
161 1
162 1
163 1
164 1
165 1
166 1
167 1
168 1
169 1
170 1
171 1
172 1
173 1
174 1
175 1
176 1
177 1
178 1
179 1
180 1
181 1
182 1
183 1
184 1
185 1
186 1
187 1
188 1
