1 2
2 2
3 2
4 4
5 5
6 4
7 4
8 4
9 3
10 3
11 1
12 2
13 2
14 2
15 2
16 2
17 3
18 1
19 3
20 2
21 2
22 3
23 3
24 3
25 2
26 3
27 3
28 2
29 3
30 2
31 3
32 3
33 3
34 3
35 3
36 2
37 3
38 3
39 3
40 3
41 3
42 3
43 3
44 3
45 3
46 3
47 2
48 3
49 2
50 3
51 3
52 2
53 3
54 2
55 2
56 2
57 3
58 3
59 2
60 3
61 3
62 4
63 3
64 2
65 3
66 3
67 2
68 3
69 1
70 2
71 2
72 1
73 2
74 2
75 2
76 2
77 2
78 1
79 2
80 1
81 1
82 1
83 1
84 1
85 1
86 2
87 1
88 1
89 1
90 1
91 1
92 1
93 1
94 1
95 1
96 2
97 1
98 1
99 1
100 1
101 1
102 1
103 1
104 1
105 1
106 1
107 1
108 1
109 1
110 1
111 1
112 2
113 2
114 2
115 1
116 2
117 1
118 2
119 1
120 1
121 2
122 1
123 1
124 2
125 1
126 2
127 1
128 2
129 2
130 3
131 2
132 3
133 2
134 2
135 2
136 2
137 1
138 2
139 3
140 2
141 2
142 2
143 1
144 2
145 1
146 2
147 2
148 1
149 2
150 2
151 2
152 2
153 2
154 2
155 2
156 2
157 2
158 2
159 2
160 2
161 1
162 1
163 1
164 1
165 1
166 1
167 1
168 1
169 2
170 1
171 1
172 1
173 2
174 1
175 1
176 1
177 1
178 2
179 1
180 2
181 1
182 1
183 1
184 1
185 1
186 1
187 1
188 1
189 1
190 1
191 1
192 1
193 1
194 1
195 1
196 1
197 1
198 1
199 1
200 1
201 1
202 1
203 1
204 1
205 1
206 1
207 1
208 1
