1 3
2 2
3 5
4 6
5 8
6 7
7 5
8 3
9 4
10 3
11 3
12 2
13 4
14 3
15 4
16 4
17 3
18 4
19 4
20 5
21 4
22 5
23 5
24 4
25 4
26 5
27 4
28 5
29 4
30 5
31 4
32 4
33 4
34 4
35 4
36 4
37 4
38 4
39 3
40 5
41 4
42 5
43 6
44 5
45 4
46 3
47 3
48 3
49 2
50 1
51 2
52 2
53 1
54 2
55 2
56 2
57 1
58 1
59 2
60 1
61 2
62 3
63 2
64 2
65 3
66 3
67 3
68 2
69 2
70 3
71 2
72 3
73 2
74 3
75 2
76 4
77 2
78 3
79 3
80 2
81 2
82 2
83 2
84 2
85 2
86 3
87 2
88 1
89 2
90 2
91 2
92 3
93 2
94 3
95 2
96 2
97 4
98 3
99 3
100 1
101 2
102 2
103 2
104 1
105 1
106 1
107 1
108 2
109 1
110 1
111 1
112 1
113 1
114 1
115 2
116 1
117 1
118 1
119 1
120 1
121 1
122 1
123 1
124 1
125 1
126 1
127 1
