1 3
2 3
3 5
4 7
5 9
6 7
7 4
8 4
9 4
10 4
11 3
12 4
13 4
14 4
15 6
16 4
17 5
18 3
19 4
20 5
21 5
22 5
23 5
24 4
25 4
26 4
27 4
28 4
29 4
30 4
31 4
32 4
33 4
34 5
35 4
36 5
37 6
38 7
39 6
40 5
41 5
42 4
43 3
44 4
45 3
46 2
47 2
48 2
49 3
50 2
51 2
52 3
53 3
54 3
55 2
56 2
57 2
58 1
59 2
60 2
61 3
62 3
63 2
64 3
65 2
66 3
67 2
68 2
69 3
70 2
71 4
72 3
73 3
74 3
75 3
76 3
77 2
78 3
79 3
80 2
81 3
82 2
83 2
84 2
85 1
86 1
87 1
88 1
89 1
90 1
91 1
92 2
93 2
94 2
95 1
96 2
97 2
98 3
99 3
100 3
101 3
102 2
103 2
104 3
105 1
106 2
107 2
108 1
109 1
110 1
111 1
112 2
113 2
114 1
115 2
116 2
117 1
118 2
119 1
120 2
121 2
122 1
123 2
124 2
125 1
126 2
127 1
128 2
129 3
130 1
131 2
132 1
133 1
134 2
135 2
136 3
137 2
138 1
139 2
140 2
141 1
142 1
143 1
144 1
145 1
146 1
147 1
148 1
