1 2
2 3
3 3
4 5
5 7
6 7
7 4
8 3
9 3
10 3
11 2
12 3
13 3
14 4
15 3
16 3
17 4
18 4
19 4
20 3
21 3
22 4
23 4
24 3
25 4
26 4
27 3
28 4
29 3
30 4
31 4
32 3
33 3
34 3
35 3
36 3
37 3
38 4
39 3
40 3
41 3
42 4
43 4
44 4
45 3
46 4
47 5
48 4
49 4
50 5
51 4
52 3
53 2
54 3
55 2
56 3
57 2
58 2
59 1
60 2
61 2
62 2
63 2
64 2
65 2
66 2
67 2
68 2
69 2
70 2
71 2
72 2
73 2
74 2
75 2
76 1
77 2
78 2
79 2
80 1
81 3
82 2
83 3
84 3
85 2
86 2
87 2
88 1
89 2
90 2
91 1
92 1
93 2
94 1
95 2
96 3
97 2
98 3
99 1
100 3
101 2
102 1
103 2
104 1
105 1
106 1
107 2
108 1
109 1
110 3
111 2
112 1
113 2
114 3
115 2
116 1
117 2
118 2
119 1
120 1
121 2
122 1
123 1
124 1
125 1
126 1
127 1
128 1
129 1
130 1
131 1
132 1
133 1
134 1
135 1
136 1
137 1
138 1
