1 3
2 3
3 5
4 6
5 9
6 6
7 5
8 4
9 3
10 3
11 4
12 4
13 4
14 5
15 4
16 4
17 4
18 4
19 4
20 5
21 5
22 5
23 6
24 5
25 5
26 5
27 5
28 4
29 4
30 4
31 5
32 5
33 4
34 5
35 4
36 6
37 6
38 7
39 6
40 6
41 5
42 3
43 4
44 4
45 4
46 4
47 3
48 3
49 2
50 2
51 2
52 2
53 2
54 2
55 2
56 1
57 3
58 2
59 1
60 1
61 2
62 2
63 2
64 2
65 1
66 2
67 2
68 3
69 2
70 3
71 2
72 2
73 2
74 3
75 2
76 2
77 3
78 2
79 3
80 3
81 2
82 2
83 2
84 2
85 2
86 3
87 2
88 2
89 2
90 3
91 1
92 2
93 2
94 2
95 2
96 3
97 1
98 1
99 2
100 1
101 1
102 2
103 2
104 2
105 1
106 2
107 2
108 2
109 2
110 1
111 1
112 2
113 1
114 2
115 1
116 1
117 1
118 1
119 1
120 1
121 1
122 1
123 1
