1 2
2 2
3 3
4 4
5 6
6 4
7 5
8 3
9 4
10 2
11 2
12 3
13 2
14 3
15 2
16 3
17 2
18 3
19 3
20 3
21 3
22 3
23 2
24 4
25 3
26 3
27 3
28 3
29 2
30 3
31 4
32 3
33 3
34 4
35 3
36 3
37 4
38 3
39 3
40 3
41 4
42 4
43 3
44 3
45 4
46 3
47 4
48 4
49 4
50 4
51 4
52 4
53 4
54 4
55 5
56 5
57 4
58 3
59 4
60 3
61 2
62 3
63 3
64 3
65 3
66 4
67 3
68 3
69 2
70 2
71 2
72 1
73 2
74 1
75 3
76 1
77 2
78 1
79 1
80 1
81 2
82 1
83 2
84 1
85 2
86 1
87 1
88 1
89 2
90 1
91 1
92 1
93 2
94 1
95 1
96 2
97 1
98 2
99 1
100 2
101 2
102 2
103 2
104 1
105 2
106 1
107 1
108 1
109 2
110 1
111 1
112 2
113 1
114 2
115 1
116 2
117 2
118 1
119 1
120 1
121 1
122 1
123 1
124 1
125 1
126 1
127 1
128 2
129 1
130 1
131 1
132 1
133 1
134 1
135 1
136 1
137 1
138 1
139 1
140 1
141 1
142 1
143 1
144 1
145 1
146 1
147 1
148 1
149 1
150 1
151 1
152 1
153 1
154 1
155 1
156 1
157 1
158 1
159 1
160 1
161 2
162 1
163 1
164 1
165 1
166 1
167 1
168 1
169 1
170 1
171 1
172 1
173 1
174 1
175 1
176 1
177 1
178 1
