1 3
2 2
3 5
4 6
5 7
6 7
7 5
8 4
9 3
10 4
11 4
12 3
13 3
14 4
15 4
16 4
17 5
18 5
19 5
20 4
21 5
22 3
23 4
24 3
25 4
26 3
27 5
28 4
29 5
30 5
31 4
32 4
33 4
34 4
35 4
36 5
37 4
38 5
39 5
40 5
41 5
42 6
43 6
44 5
45 5
46 5
47 5
48 4
49 3
50 4
51 3
52 3
53 4
54 4
55 4
56 4
57 4
58 3
59 4
60 4
61 4
62 3
63 4
64 3
65 3
66 2
67 3
68 4
69 3
70 3
71 3
72 4
73 3
74 4
75 2
76 2
77 2
78 3
79 3
80 3
81 3
82 2
83 3
84 2
85 2
86 2
87 2
88 3
89 3
90 3
91 2
92 3
93 2
94 2
95 1
96 1
97 2
98 1
99 1
100 1
101 1
102 1
103 1
104 1
105 1
106 1
107 1
108 1
109 1
110 2
111 2
112 1
113 1
114 1
115 1
116 1
117 1
118 1
119 1
120 1
121 1
122 1
123 1
124 1
