1 3
2 3
3 5
4 7
5 8
6 8
7 4
8 4
9 4
10 4
11 4
12 4
13 3
14 4
15 4
16 4
17 5
18 5
19 4
20 5
21 4
22 5
23 4
24 5
25 5
26 5
27 4
28 5
29 4
30 5
31 4
32 4
33 5
34 4
35 5
36 5
37 6
38 6
39 6
40 6
41 5
42 5
43 5
44 4
45 4
46 4
47 2
48 3
49 3
50 3
51 2
52 3
53 3
54 3
55 3
56 3
57 3
58 3
59 4
60 3
61 3
62 3
63 3
64 3
65 3
66 3
67 3
68 4
69 3
70 3
71 3
72 4
73 4
74 3
75 4
76 4
77 3
78 3
79 4
80 4
81 4
82 4
83 3
84 2
85 2
86 3
87 2
88 2
89 1
90 2
91 2
92 1
93 1
94 1
95 2
96 1
97 1
98 2
99 1
100 1
101 1
102 1
103 1
