1 2
2 2
3 2
4 4
5 6
6 5
7 4
8 4
9 3
10 3
11 2
12 2
13 3
14 3
15 3
16 3
17 3
18 3
19 2
20 3
21 2
22 3
23 3
24 2
25 4
26 2
27 3
28 2
29 3
30 2
31 2
32 3
33 3
34 3
35 2
36 3
37 2
38 4
39 3
40 3
41 2
42 4
43 3
44 3
45 3
46 4
47 4
48 3
49 3
50 3
51 3
52 3
53 3
54 4
55 3
56 4
57 3
58 4
59 3
60 3
61 4
62 4
63 3
64 3
65 3
66 3
67 3
68 2
69 3
70 3
71 3
72 4
73 3
74 3
75 2
76 2
77 3
78 2
79 2
80 1
81 2
82 2
83 2
84 1
85 2
86 1
87 2
88 1
89 1
90 2
91 1
92 3
93 1
94 2
95 1
96 2
97 2
98 2
99 2
100 2
101 3
102 2
103 2
104 2
105 2
106 2
107 2
108 2
109 2
110 2
111 2
112 1
113 2
114 1
115 1
116 2
117 1
118 2
119 1
120 2
121 1
122 1
123 2
124 1
125 1
126 2
127 1
128 1
129 1
130 1
131 1
132 1
133 1
134 2
135 1
136 2
137 1
138 2
139 1
140 2
141 2
142 1
143 1
144 1
145 1
146 1
147 1
148 1
149 1
150 1
151 2
152 1
153 2
154 1
155 1
156 2
157 1
158 1
159 1
160 1
161 2
162 1
163 1
164 2
165 1
166 1
167 2
168 1
169 2
170 1
171 1
172 2
173 1
174 2
175 1
176 2
177 1
178 2
179 1
180 1
181 1
182 1
183 1
184 1
185 1
186 1
187 1
188 1
189 1
190 1
191 1
192 1
193 1
194 1
195 1
196 1
197 1
198 1
199 1
200 1
201 2
202 2
203 1
204 1
205 2
206 1
207 1
208 1
209 1
210 1
211 1
212 1
213 1
214 1
215 1
216 1
217 1
218 1
219 1
220 1
221 1
222 1
223 1
224 1
225 1
226 1
227 1
228 1
229 1
230 1
231 1
232 1
233 1
234 1
235 1
236 1
237 1
238 1
239 1
240 1
